ball_base_t1,2.1450988972306146,31.94051110063115,0.0,0.0,0.0,10.501303915480658,126.92536070111117,2.439616971186256,0.0,0.0
ball_base_t2,2.6431191611427587,5.433549927993668,0.0,0.0,0.0,5.116403271575978,68.4368890732478,2.2474517061774653,0.0,0.0
ball_base_t3,2.2769426607624537,11.414052356931066,0.0,0.0,0.0,0.0,0.0,0.0,0.0,0.0
ball_base_t4,0.0,2.344859808176173,0.0,0.0,0.0,0.0,2.051232080969874,0.0,0.0,0.0
ball_base_t5,2.126450509652176,71.8657315332434,0.0,0.0,0.0,0.0,0.0,0.0,0.0,0.0
ball_basket_t1,0.0,0.0,0.0,0.0,0.0,0.0,85.41514621103778,0.0,0.0,0.0
ball_basket_t2,2.8211497744713947,8.038827878899903,0.0,0.0,0.0,2.221027455931151,0.0,0.0,0.0,0.0
ball_basket_t3,0.0,2.3398373127206944,0.0,0.0,0.0,0.0,39.41160351281292,0.0,0.0,0.0
ball_basket_t4,0.0,4.200927262143591,0.0,0.0,0.0,0.0,75.92474035112261,0.0,0.0,0.0
ball_basket_t5,0.0,6.5965118135499345,2.875717191397652,0.0,0.0,0.0,83.23687935431107,0.0,0.0,0.0
ball_blue_t1,0.0,7.608764186051054,0.0,0.0,2.22306453934653,7.008783967841574,73.0934767383165,2.1434786147279383,2.261654140225689,0.0
ball_blue_t2,0.0,0.0,0.0,0.0,0.0,2.307684477999538,50.523634727019854,0.0,0.0,0.0
ball_blue_t3,2.633641410670785,2.8463876369883288,2.0374641542859107,0.0,0.0,0.0,0.0,0.0,0.0,0.0
ball_blue_t4,0.0,0.0,0.0,0.0,5.383025172985976,7.061337692956886,83.54679330353449,9.482784631123035,0.0,0.0
ball_blue_t5,0.0,2.1010970896177072,0.0,0.0,0.0,0.0,46.28166700735938,0.0,0.0,0.0
ball_transparent_t1,0.0,2.133765591624347,0.0,0.0,0.0,2.0357391832206795,216.22145638775552,6.1555530213737155,0.0,0.0
ball_transparent_t2,2.2829411665656214,25.927080777163678,0.0,0.0,4.375416372549608,16.16276881853505,163.87800686391256,4.121081967637585,0.0,0.0
ball_transparent_t3,0.0,2.29816780283773,0.0,0.0,4.779747791117899,2.107638388392326,169.93800007089558,6.959298396975326,0.0,0.0
ball_transparent_t4,0.0,2.3468874067581513,0.0,0.0,0.0,0.0,165.3871967173656,0.0,0.0,0.0
ball_transparent_t5,4.946377376072457,103.00086784239951,18.747165925673777,0.0,0.0,0.0,99.65423689615872,0.0,0.0,4.524616215925361
ball_yellow_purple_t1,7.129407852319305,2.0975615557117746,2.0795156961177286,0.0,0.0,6.8467948833972505,89.03981706663585,0.0,0.0,0.0
ball_yellow_purple_t2,2.30970472288126,10.112439380527613,0.0,0.0,0.0,0.0,40.45626987839289,0.0,0.0,0.0
ball_yellow_purple_t3,0.0,0.0,0.0,0.0,0.0,0.0,0.0,0.0,0.0,0.0
ball_yellow_purple_t4,0.0,0.0,0.0,0.0,0.0,14.43475345719888,73.9144184284697,9.786740516993932,0.0,0.0
ball_yellow_purple_t5,0.0,0.0,0.0,0.0,0.0,0.0,21.225490077773973,0.0,0.0,0.0
basket_cylinder_t1,0.0,0.0,0.0,0.0,0.0,0.0,0.0,0.0,0.0,0.0
basket_cylinder_t2,0.0,0.0,0.0,0.0,0.0,0.0,68.28122776945798,0.0,0.0,0.0
basket_cylinder_t3,0.0,0.0,0.0,0.0,0.0,8.495114020066246,101.36945870412733,2.111498282174295,0.0,0.0
basket_cylinder_t4,0.0,0.0,0.0,0.0,6.469657229500168,6.522088321702168,329.9505612118791,32.85592266601767,0.0,0.0
basket_cylinder_t5,0.0,0.0,0.0,0.0,0.0,0.0,0.0,0.0,0.0,0.0
basket_funnel_t1,0.0,0.0,0.0,0.0,4.785046637764928,29.23771989196906,722.939778764709,4.994614818946403,0.0,0.0
basket_funnel_t2,0.0,0.0,0.0,0.0,0.0,0.0,378.09312008788555,0.0,0.0,0.0
basket_funnel_t3,0.0,2.0021021402515906,0.0,0.0,0.0,27.606725702328966,767.400757963143,4.498675163014653,0.0,0.0
basket_funnel_t4,0.0,0.0,0.0,0.0,0.0,8.427444473693793,655.1350783929869,4.304231431489866,0.0,0.0
basket_funnel_t5,0.0,219.86440271569396,0.0,0.0,4.783448898709041,72.69065797999811,1726.1227458135036,6.795443667107808,0.0,0.0
basket_green_t1,0.0,0.0,0.0,0.0,0.0,0.0,499.55167263360534,0.0,0.0,0.0
basket_green_t2,0.0,0.0,0.0,0.0,0.0,10.895366687257447,459.86468603125996,0.0,0.0,0.0
basket_green_t3,0.0,0.0,0.0,0.0,0.0,0.0,4.9902990471285875,0.0,0.0,0.0
basket_green_t4,0.0,0.0,0.0,0.0,0.0,0.0,70.53032279814595,0.0,0.0,0.0
basket_green_t5,0.0,0.0,0.0,0.0,0.0,0.0,0.0,0.0,0.0,0.0
basket_handle_t1,0.0,56.25779486522948,0.0,0.0,0.0,0.0,168.23761199541568,0.0,0.0,0.0
basket_handle_t2,0.0,0.0,0.0,0.0,0.0,0.0,128.43298875409167,0.0,0.0,0.0
basket_handle_t3,0.0,92.82916838323685,0.0,0.0,2.439419904587974,37.41418307604291,594.6017353305743,20.778375543998262,0.0,0.0
basket_handle_t4,0.0,2.348787193425577,0.0,0.0,2.0269054612652853,16.299706379225878,372.0394201659686,24.46927379792718,0.0,0.0
basket_handle_t5,0.0,0.0,0.0,0.0,0.0,23.284149486328904,111.96070525174204,9.077403246237687,0.0,0.0
basket_semicircle_t1,0.0,0.0,0.0,0.0,0.0,13.182355347768553,364.40370290123184,0.0,0.0,0.0
basket_semicircle_t2,0.0,0.0,0.0,0.0,0.0,4.202782472749712,359.86830343034944,0.0,0.0,0.0
basket_semicircle_t3,0.0,0.0,0.0,0.0,0.0,20.009521314677734,723.8947316992914,20.80411691238026,0.0,0.0
basket_semicircle_t4,0.0,2.1787605513227013,0.0,0.0,0.0,6.448987807626089,111.87787570530261,0.0,0.0,0.0
basket_semicircle_t5,14.20114333941367,338.3058297310674,6.738054414697075,0.0,2.2977001498493723,86.14264834867748,1016.6408350331818,28.648459080371513,0.0,11.391925732992643
bigstuffedanimal_bear_t1,0.0,0.0,0.0,0.0,0.0,0.0,0.0,0.0,0.0,0.0
bigstuffedanimal_bear_t2,2.8503218221807867,18.25690804753904,0.0,0.0,5.637933289927954,84.6917933532975,1110.7948732518944,45.27374956783993,0.0,0.0
bigstuffedanimal_bear_t3,0.0,31.244971976958656,0.0,0.0,2.111636525564947,57.24307258929018,1604.7568744982943,67.24643498626506,0.0,0.0
bigstuffedanimal_bear_t4,11.81485743154387,375.92764228169415,4.252160958293706,0.0,2.4493420776708588,37.85029723186113,1159.2433695271109,15.194189358985412,0.0,0.0
bigstuffedanimal_bear_t5,0.0,0.0,0.0,0.0,0.0,32.32590894151085,932.9642858640143,13.301175313952367,0.0,0.0
bigstuffedanimal_bunny_t1,8.710331434344925,301.2710657404866,2.2669977208565957,0.0,0.0,64.99382488040096,574.9306794042365,18.780372836289747,0.0,0.0
bigstuffedanimal_bunny_t2,2.0269278823135273,324.41744269161586,0.0,0.0,6.170611742463776,99.23565155239459,1532.420137444564,86.1913364600708,0.0,0.0
bigstuffedanimal_bunny_t3,0.0,0.0,0.0,0.0,0.0,19.35168318412323,795.6755674348242,11.387201150759402,0.0,0.0
bigstuffedanimal_bunny_t4,0.0,0.0,0.0,0.0,0.0,0.0,0.0,0.0,0.0,0.0
bigstuffedanimal_bunny_t5,0.0,0.0,0.0,0.0,0.0,13.875811990125785,451.56537582029455,15.78732250316336,0.0,0.0
bigstuffedanimal_frog_t1,0.0,0.0,0.0,0.0,0.0,0.0,0.0,0.0,0.0,0.0
bigstuffedanimal_frog_t2,18.360340620866044,813.2361117488043,0.0,2.0693466239371308,0.0,0.0,58.652926064236155,0.0,0.0,0.0
bigstuffedanimal_frog_t3,71.69872512862847,2465.787929100245,10.752038380324583,0.0,0.0,43.72194386077212,2286.030709771018,10.52178620613149,0.0,0.0
bigstuffedanimal_frog_t4,0.0,0.0,0.0,0.0,0.0,4.199992292875762,324.40407184666054,4.099625528135938,0.0,0.0
bigstuffedanimal_frog_t5,0.0,0.0,0.0,0.0,0.0,32.090587700405514,742.553307872682,4.627788127763862,0.0,0.0
bigstuffedanimal_pink_dog_t1,17.583832642407653,404.0945173329939,19.692911901781272,0.0,11.879871174352433,393.7135442210262,8195.29140953698,249.43858988920243,0.0,8.420859505431748
bigstuffedanimal_pink_dog_t2,0.0,95.8147695691215,0.0,0.0,5.780986217877183,139.99237145715256,5106.405229045666,97.67137182432009,0.0,0.0
bigstuffedanimal_pink_dog_t3,61.42666611635225,1200.6738774694838,37.482519514509896,2.415029426321758,0.0,19.933731113949584,722.4305897338397,15.762757724347448,8.609978235517431,3.2812835796377002
bigstuffedanimal_pink_dog_t4,0.0,0.0,0.0,0.0,0.0,93.21215299467514,2143.3822131961006,49.35979396363076,0.0,0.0
bigstuffedanimal_pink_dog_t5,0.0,0.0,0.0,0.0,0.0,0.0,4.090487721675499,0.0,0.0,0.0
bigstuffedanimal_tan_dog_t1,2.568392811876719,16.383847186886452,0.0,0.0,9.533954116579071,326.8987101482125,5768.33358009047,174.48185061789866,0.0,0.0
bigstuffedanimal_tan_dog_t2,0.0,0.0,0.0,0.0,2.516367213994015,98.90766158410331,1720.6289408055898,57.03897023575874,0.0,0.0
bigstuffedanimal_tan_dog_t3,0.0,0.0,0.0,0.0,2.1469388464509183,79.81448224383446,1654.8581457590885,28.679972329655932,0.0,0.0
bigstuffedanimal_tan_dog_t4,6.845411157912647,453.69030283843796,4.304488848972079,0.0,0.0,2.1193358204871635,867.6774969826218,0.0,0.0,0.0
bigstuffedanimal_tan_dog_t5,0.0,16.55359826388633,0.0,0.0,14.209952076429216,129.02422903817762,1881.0084120612619,104.34260533667715,0.0,0.0
tupperware_coffee_beans_t1,0.0,0.0,0.0,0.0,0.0,0.0,54.640776762175996,0.0,0.0,0.0
tupperware_coffee_beans_t2,0.0,0.0,0.0,0.0,2.226999410636653,4.335718942642416,160.18530050252207,6.6104423301517805,0.0,0.0
tupperware_coffee_beans_t3,2.131643614678589,2.4555009794337286,0.0,0.0,0.0,2.1711598605353775,101.79403459286326,0.0,0.0,0.0
tupperware_coffee_beans_t4,0.0,0.0,0.0,0.0,0.0,2.0174904336824,197.7448182793874,0.0,0.0,0.0
tupperware_coffee_beans_t5,0.0,0.0,0.0,0.0,0.0,0.0,110.8773718399956,0.0,0.0,0.0
tupperware_ground_coffee_t1,0.0,0.0,0.0,0.0,2.157792513278559,9.50288295905929,163.4787443078432,2.3298729945857564,0.0,0.0
tupperware_ground_coffee_t2,0.0,0.0,0.0,0.0,0.0,0.0,0.0,0.0,0.0,0.0
tupperware_ground_coffee_t3,0.0,9.588112754564895,0.0,0.0,0.0,0.0,108.88630177009293,0.0,0.0,0.0
tupperware_ground_coffee_t4,0.0,6.37919416788727,0.0,0.0,2.062387139052462,2.111185574244955,268.32622568716954,6.27282006432816,0.0,0.0
tupperware_ground_coffee_t5,0.0,0.0,0.0,0.0,0.0,2.2776853623799753,116.1309972529705,0.0,0.0,0.0
tupperware_marbles_t1,0.0,4.772122244871772,0.0,0.0,0.0,0.0,25.635492594691712,0.0,0.0,0.0
tupperware_marbles_t2,0.0,0.0,0.0,0.0,2.1733416573196678,2.2281460383915594,161.04789611795348,6.659291279940189,0.0,0.0
tupperware_marbles_t3,0.0,7.469598536178685,0.0,0.0,5.099930155580262,17.173192256189687,314.6010136026466,9.607632484531797,0.0,0.0
tupperware_marbles_t4,0.0,7.671033548782701,2.256391963821889,0.0,0.0,2.0323445358747616,203.99559624920997,0.0,0.0,0.0
tupperware_marbles_t5,0.0,0.0,0.0,0.0,0.0,4.536212370570388,129.24235802379147,0.0,0.0,0.0
tupperware_pasta_t1,2.242389885457032,7.784189514327477,0.0,0.0,0.0,4.10153698967493,119.86493629997987,0.0,0.0,0.0
tupperware_pasta_t2,0.0,2.1433433182763793,0.0,0.0,0.0,29.945239240847968,229.18172749041474,24.820701325161746,0.0,0.0
tupperware_pasta_t3,0.0,4.272612397779815,0.0,0.0,0.0,18.347215646237903,378.9438600953043,5.526069730150137,0.0,0.0
tupperware_pasta_t4,0.0,0.0,0.0,0.0,2.4235390909215804,7.530184114185217,180.58690976358153,6.466359868812943,0.0,0.0
tupperware_pasta_t5,0.0,0.0,0.0,0.0,0.0,2.9315554907932406,117.45782248292379,0.0,0.0,0.0
tupperware_rice_t1,0.0,0.0,0.0,0.0,0.0,6.594824058883011,174.545028939815,0.0,0.0,0.0
tupperware_rice_t2,0.0,0.0,0.0,0.0,0.0,27.438887063887186,200.7576117652772,7.164293540361941,0.0,0.0
tupperware_rice_t3,0.0,72.44784861920607,0.0,0.0,4.829133655158835,16.627502185307694,382.76961567342516,16.529797899439757,0.0,0.0
tupperware_rice_t4,2.5374864457766075,4.700614510600976,2.521017298155647,0.0,0.0,2.132498951934092,34.27964200909855,0.0,0.0,0.0
tupperware_rice_t5,0.0,0.0,0.0,0.0,4.254519002188529,4.479578204811357,151.93172411743097,0.0,0.0,0.0
weight_1_t1,0.0,98.80134313006704,2.0762726248977996,0.0,0.0,37.18778042429137,205.55048439074207,22.360553138989875,0.0,4.275027471524369
weight_1_t2,0.0,0.0,0.0,0.0,0.0,0.0,122.9964783197742,0.0,0.0,0.0
weight_1_t3,26.760926587403738,229.3653361554288,20.916901515388794,0.0,2.039439334253412,26.450271932364647,240.12072401246868,6.503839142814732,0.0,8.335571786237997
weight_1_t4,2.7566251220222164,78.73763097151952,0.0,0.0,0.0,18.72707186667972,166.40741760594426,13.674594137421106,0.0,0.0
weight_1_t5,2.194221899649167,269.64877822382124,13.22264619944649,0.0,0.0,20.910448835364843,357.1785232959013,4.826405185241994,0.0,0.0
weight_2_t1,0.0,7.271306060686898,2.339733357970519,0.0,0.0,0.0,81.28501367742277,0.0,0.0,0.0
weight_2_t2,0.0,12.12517768631351,0.0,0.0,0.0,0.0,0.0,0.0,0.0,0.0
weight_2_t3,0.0,0.0,0.0,0.0,0.0,33.411676843608504,269.95517027812895,12.521684582599883,0.0,0.0
weight_2_t4,0.0,0.0,0.0,0.0,0.0,11.690208174347667,195.5202891978032,17.186757405092425,0.0,0.0
weight_2_t5,0.0,0.0,0.0,0.0,0.0,0.0,0.0,0.0,0.0,0.0
weight_3_t1,0.0,0.0,0.0,0.0,0.0,28.209778223188017,266.0088469790438,33.78744237049444,0.0,0.0
weight_3_t2,0.0,0.0,0.0,0.0,0.0,0.0,0.0,0.0,0.0,0.0
weight_3_t3,0.0,0.0,0.0,0.0,0.0,11.789160061792193,184.19714176566882,2.2346637775414897,0.0,0.0
weight_3_t4,6.042087388892758,61.77136583551155,4.727667159161417,0.0,0.0,0.0,135.7660267774059,4.120306921664751,0.0,0.0
weight_3_t5,0.0,0.0,0.0,0.0,0.0,0.0,0.0,0.0,0.0,0.0
weight_4_t1,6.36360743063023,92.90439417208333,2.8463707636391997,0.0,0.0,0.0,0.0,0.0,0.0,0.0
weight_4_t2,0.0,5.065259779252051,0.0,0.0,4.127879633590965,6.153947746881208,90.2160438182799,2.0663759966946964,0.0,0.0
weight_4_t3,0.0,0.0,0.0,0.0,0.0,8.609856681585974,213.07868013975704,19.683600771725192,0.0,0.0
weight_4_t4,0.0,0.0,0.0,0.0,0.0,0.0,0.0,0.0,0.0,0.0
weight_4_t5,0.0,4.2268185926177,0.0,0.0,2.01089395356891,0.0,96.50875210091823,0.0,0.0,0.0
weight_5_t1,0.0,0.0,0.0,0.0,0.0,0.0,2.4522909656074665,0.0,0.0,0.0
weight_5_t2,9.582765222735425,95.95306863126827,2.5639156167861685,0.0,0.0,0.0,0.0,0.0,0.0,0.0
weight_5_t3,0.0,0.0,0.0,0.0,0.0,0.0,50.77085412620448,0.0,0.0,0.0
weight_5_t4,0.0,0.0,0.0,0.0,0.0,8.119179679265347,159.13365605441987,2.018465958122653,0.0,0.0
weight_5_t5,0.0,69.90015356284417,0.0,0.0,0.0,8.432264374779699,170.21801264527767,0.0,0.0,0.0
timber_pentagon_t1,2.366499397844842,27.399615932334214,0.0,0.0,0.0,0.0,12.46534800464011,0.0,0.0,0.0
timber_pentagon_t2,0.0,0.0,0.0,0.0,0.0,4.986178240345193,65.04816086711706,4.679609418652789,0.0,0.0
timber_pentagon_t3,0.0,0.0,0.0,0.0,0.0,0.0,19.05077126715236,0.0,0.0,0.0
timber_pentagon_t4,2.0846342916684453,12.634767548325343,0.0,0.0,0.0,5.273138573471526,25.579022716752476,10.344283829467415,0.0,0.0
timber_pentagon_t5,0.0,0.0,0.0,0.0,0.0,37.90174088781127,212.88385324801433,43.66619822643441,0.0,0.0
timber_rectangle_t1,0.0,0.0,0.0,0.0,0.0,0.0,78.57969896216761,0.0,0.0,0.0
timber_rectangle_t2,0.0,0.0,0.0,0.0,0.0,4.6775235028805575,150.71793353952958,2.059062972543579,0.0,0.0
timber_rectangle_t3,0.0,0.0,0.0,0.0,0.0,0.0,70.85098444594517,0.0,0.0,0.0
timber_rectangle_t4,0.0,0.0,0.0,0.0,14.048002746520126,7.792482580243018,262.86973712577696,14.052339609193536,0.0,0.0
timber_rectangle_t5,0.0,0.0,0.0,0.0,0.0,0.0,13.737812503219454,0.0,0.0,0.0
timber_semicircle_t1,0.0,0.0,0.0,0.0,0.0,0.0,10.622582331053028,0.0,0.0,0.0
timber_semicircle_t2,0.0,0.0,0.0,0.0,0.0,0.0,16.415766776490383,0.0,0.0,0.0
timber_semicircle_t3,0.0,0.0,0.0,0.0,0.0,0.0,10.812325903075445,0.0,0.0,0.0
timber_semicircle_t4,0.0,0.0,0.0,0.0,0.0,0.0,0.0,0.0,0.0,0.0
timber_semicircle_t5,0.0,0.0,0.0,0.0,0.0,0.0,0.0,0.0,0.0,0.0
timber_square_t1,0.0,0.0,0.0,0.0,0.0,0.0,22.70265328943132,0.0,0.0,0.0
timber_square_t2,0.0,0.0,0.0,0.0,13.198808959300727,6.360379472237353,130.9845806124186,23.377366043857073,0.0,0.0
timber_square_t3,0.0,0.0,0.0,0.0,0.0,2.138731236036917,45.46208974997566,0.0,0.0,0.0
timber_square_t4,0.0,0.0,0.0,0.0,0.0,22.115511100744776,250.5603744107887,6.56637679949408,0.0,0.0
timber_square_t5,0.0,0.0,0.0,0.0,0.0,0.0,40.73382039263279,0.0,0.0,0.0
timber_squiggle_t1,0.0,0.0,0.0,0.0,3.6403000005677715,15.683106290068524,202.52691852811424,17.863928620595825,0.0,0.0
timber_squiggle_t2,0.0,0.0,0.0,0.0,0.0,0.0,0.0,0.0,0.0,0.0
timber_squiggle_t3,0.0,0.0,0.0,0.0,0.0,7.41747425837324,171.334885112858,11.074248972650626,0.0,0.0
timber_squiggle_t4,0.0,0.0,0.0,0.0,0.0,0.0,0.0,0.0,0.0,0.0
timber_squiggle_t5,0.0,0.0,0.0,0.0,0.0,0.0,65.42823079561296,0.0,0.0,0.0
tin_pokemon_t1,0.0,40.245358387127574,0.0,0.0,0.0,48.45137106809317,415.81380270827935,36.5204487040861,0.0,0.0
tin_pokemon_t2,2.0183935535222064,218.84620589308943,0.0,0.0,13.397811703256954,100.06725132141128,1282.5181350120263,35.877497666648274,8.605745039269593,0.0
tin_pokemon_t3,0.0,70.67794773478525,0.0,0.0,0.0,44.987941907102055,583.6794315012573,34.82504480522994,0.0,0.0
tin_pokemon_t4,144.243672358534,2609.4202198838448,107.33608198120268,2.2190530795814687,25.45760066385887,190.89625942081233,2450.231747170707,174.42136696572172,0.0,26.70051029523087
tin_pokemon_t5,4.677486782450593,108.06998662733965,5.717406814228747,2.211974868754164,0.0,20.508811675858443,551.6677753708005,18.07823984258955,0.0,0.0
tin_poker_t1,0.0,9.75687036458488,0.0,0.0,4.6746520419624495,23.22619287032156,358.5299271034895,7.808924107265934,0.0,0.0
tin_poker_t2,0.0,0.0,0.0,0.0,6.368174484109716,52.718859639042414,427.3955283248305,13.938835478813935,0.0,0.0
tin_poker_t3,0.0,0.0,0.0,0.0,0.0,30.867356341480445,219.67991737285882,7.925021952726304,0.0,0.0
tin_poker_t4,2.090903300011744,9.756756220623505,0.0,0.0,7.290153914962756,48.83953409939017,394.8600109130796,11.567742449878208,0.0,0.0
tin_poker_t5,0.0,0.0,2.833951792304167,0.0,0.0,0.0,0.0,0.0,0.0,0.0
tin_snack_depot_t1,0.0,0.0,0.0,0.0,4.822880981389599,7.639571507726717,240.8557163568526,29.135293242383984,0.0,0.0
tin_snack_depot_t2,0.0,0.0,0.0,0.0,9.736590788082882,7.5738219540687455,381.45188049293114,7.958112794816774,0.0,0.0
tin_snack_depot_t3,12.432727893262998,176.79998573573963,8.123759551320951,0.0,5.224650167665878,0.0,29.44421337466015,0.0,0.0,2.4516002302386597
tin_snack_depot_t4,9.768246673951788,211.32817685939347,17.640383214637183,0.0,0.0,0.0,147.06893546609757,0.0,0.0,0.0
tin_snack_depot_t5,2.018164643035845,6.809550284049106,0.0,0.0,0.0,6.339328022143116,560.8315437940294,0.0,0.0,0.0
tin_snowman_t1,0.0,0.0,0.0,0.0,0.0,2.3571010860801027,0.0,0.0,0.0,0.0
tin_snowman_t2,0.0,0.0,0.0,0.0,0.0,0.0,0.0,0.0,0.0,0.0
tin_snowman_t3,0.0,0.0,0.0,0.0,0.0,4.041068047113718,6.459358566894379,0.0,0.0,0.0
tin_snowman_t4,0.0,0.0,0.0,0.0,0.0,0.0,9.494568741251864,0.0,0.0,0.0
tin_snowman_t5,0.0,0.0,0.0,0.0,0.0,0.0,4.296103356490368,0.0,0.0,0.0
tin_tea_t1,0.0,0.0,0.0,0.0,0.0,6.661713754658157,171.66118217272265,0.0,0.0,0.0
tin_tea_t2,0.0,0.0,0.0,0.0,0.0,0.0,0.0,0.0,0.0,0.0
tin_tea_t3,0.0,4.735858904148222,0.0,0.0,0.0,2.0074832726575833,160.54960896613946,0.0,0.0,0.0
tin_tea_t4,0.0,0.0,0.0,0.0,0.0,7.846321506342557,167.39524667645102,14.678942460511939,0.0,0.0
tin_tea_t5,0.0,0.0,0.0,0.0,0.0,22.32263014412803,147.5150507018117,2.2493162454597178,0.0,0.0
pvc_1_t1,0.0,0.0,0.0,0.0,2.2237534294296206,0.0,16.13702250222955,2.057252241437593,0.0,0.0
pvc_1_t2,0.0,0.0,0.0,0.0,0.0,0.0,4.326675009750559,0.0,0.0,0.0
pvc_1_t3,0.0,0.0,0.0,0.0,0.0,0.0,2.014904943167295,0.0,0.0,0.0
pvc_1_t4,0.0,0.0,0.0,0.0,0.0,0.0,22.482620799038198,0.0,0.0,0.0
pvc_1_t5,0.0,0.0,0.0,0.0,0.0,9.143058790988855,29.25078693690641,2.203925937707526,0.0,0.0
pvc_2_t1,0.0,34.11278522259601,4.901244279026245,0.0,0.0,0.0,6.813194430628768,0.0,0.0,4.873850668840028
pvc_2_t2,0.0,0.0,0.0,0.0,0.0,0.0,4.951988103779005,0.0,0.0,0.0
pvc_2_t3,9.096278992874769,23.229094338513484,0.0,0.0,0.0,2.457403713271387,28.53335375727173,2.190325362794304,0.0,7.596352707150174
pvc_2_t4,0.0,0.0,0.0,0.0,0.0,2.076040737774671,0.0,0.0,0.0,0.0
pvc_2_t5,0.0,0.0,0.0,0.0,0.0,0.0,0.0,0.0,0.0,0.0
pvc_3_t1,0.0,0.0,0.0,0.0,0.0,0.0,0.0,0.0,0.0,0.0
pvc_3_t2,0.0,0.0,0.0,0.0,0.0,0.0,0.0,0.0,0.0,0.0
pvc_3_t3,0.0,0.0,0.0,0.0,0.0,4.250713019353686,32.113559785202064,0.0,0.0,0.0
pvc_3_t4,0.0,0.0,0.0,0.0,0.0,4.9408226871808,61.08918022639673,4.461682535284017,0.0,0.0
pvc_3_t5,0.0,0.0,0.0,0.0,0.0,0.0,30.21747363012676,0.0,0.0,0.0
pvc_4_t1,0.0,0.0,0.0,0.0,2.011103613223595,7.471003114235272,59.83543483069441,0.0,0.0,0.0
pvc_4_t2,0.0,0.0,0.0,0.0,0.0,0.0,0.0,0.0,0.0,0.0
pvc_4_t3,0.0,0.0,0.0,0.0,4.0441136239750985,2.0847551761298013,46.953689476510924,4.006752758971939,0.0,0.0
pvc_4_t4,0.0,0.0,0.0,0.0,0.0,8.267241364746617,85.10232303872426,0.0,0.0,0.0
pvc_4_t5,0.0,0.0,0.0,0.0,0.0,0.0,29.5946755642228,0.0,0.0,0.0
pvc_5_t1,0.0,0.0,0.0,0.0,0.0,20.82947504294835,306.5941812624251,4.256822152224555,0.0,0.0
pvc_5_t2,0.0,0.0,0.0,0.0,0.0,2.180107431206086,116.99278700600559,0.0,0.0,0.0
pvc_5_t3,0.0,0.0,0.0,0.0,0.0,0.0,23.991007323022565,0.0,0.0,0.0
pvc_5_t4,0.0,0.0,0.0,0.0,0.0,0.0,142.15448587911519,2.0135491854754877,0.0,0.0
pvc_5_t5,0.0,0.0,0.0,0.0,0.0,14.857093384633979,183.79627962042727,6.093931605923128,0.0,0.0
smallstuffedanimal_bunny_t1,2.04931595416617,17.25733313544006,0.0,0.0,0.0,26.453544674632827,139.65962162697713,27.327751540186714,0.0,0.0
smallstuffedanimal_bunny_t2,21.917306056893164,67.68773784101846,0.0,0.0,0.0,34.45856280273167,236.3584747243174,2.0529065644836346,0.0,0.0
smallstuffedanimal_bunny_t3,0.0,0.0,0.0,0.0,0.0,15.564727197451466,139.43391388210426,34.89519124695121,0.0,0.0
smallstuffedanimal_bunny_t4,0.0,0.0,0.0,0.0,0.0,69.10462276611712,378.8893607874435,35.41685556249014,0.0,0.0
smallstuffedanimal_bunny_t5,0.0,4.073992915295433,0.0,0.0,0.0,29.672251117154232,156.4987356230883,17.402920282222087,0.0,0.0
smallstuffedanimal_chick_t1,0.0,0.0,0.0,0.0,0.0,10.250972036015025,45.66755473745098,7.2209700641226675,0.0,0.0
smallstuffedanimal_chick_t2,0.0,0.0,0.0,0.0,0.0,2.1521718923914976,5.507615117575298,0.0,0.0,0.0
smallstuffedanimal_chick_t3,0.0,0.0,0.0,0.0,0.0,2.1646865583959265,0.0,2.1250773562390615,0.0,0.0
smallstuffedanimal_chick_t4,0.0,0.0,0.0,0.0,4.717616907016065,24.169609316365687,83.64889907669841,4.77153166646298,0.0,0.0
smallstuffedanimal_chick_t5,0.0,0.0,0.0,0.0,0.0,2.138366016377926,23.86111425682103,8.709987287156126,0.0,0.0
smallstuffedanimal_headband_bear_t1,0.0,41.21795437022092,0.0,0.0,0.0,6.957151151951427,194.3341563153523,0.0,0.0,0.0
smallstuffedanimal_headband_bear_t2,0.0,0.0,0.0,0.0,4.767085865758979,13.976000125006397,114.02927449500693,12.200464575178405,0.0,0.0
smallstuffedanimal_headband_bear_t3,0.0,52.50885736057104,0.0,0.0,0.0,19.686119687954026,201.84574959516306,6.522514315165591,0.0,0.0
smallstuffedanimal_headband_bear_t4,0.0,0.0,0.0,0.0,0.0,16.004555698682438,173.5561367043327,4.363922372538308,0.0,0.0
smallstuffedanimal_headband_bear_t5,0.0,36.42976416260601,0.0,0.0,4.170012974936688,6.117201636445266,164.00436248197718,2.085009335438211,0.0,0.0
smallstuffedanimal_moose_t1,8.781167116549236,106.16098719248282,11.319111039342161,0.0,0.0,0.0,19.702841228993186,0.0,0.0,8.885755358380504
smallstuffedanimal_moose_t2,0.0,0.0,0.0,0.0,0.0,59.39453312444732,718.47327983531,32.95320215053735,0.0,0.0
smallstuffedanimal_moose_t3,0.0,8.91904688031498,0.0,0.0,0.0,38.31001127368697,144.8953381941722,14.427598974974138,0.0,0.0
smallstuffedanimal_moose_t4,2.7490621328009306,49.83546548308609,0.0,0.0,0.0,8.52883355658583,180.2338392925861,0.0,0.0,0.0
smallstuffedanimal_moose_t5,0.0,0.0,0.0,0.0,0.0,0.0,19.119743005359034,2.055291631979267,0.0,0.0
smallstuffedanimal_otter_t1,0.0,0.0,0.0,0.0,0.0,2.130171561165908,52.38259449705289,0.0,0.0,0.0
smallstuffedanimal_otter_t2,0.0,0.0,0.0,0.0,0.0,0.0,0.0,0.0,0.0,0.0
smallstuffedanimal_otter_t3,0.0,0.0,0.0,0.0,0.0,10.035258458784504,39.218938160606754,13.362953661632588,0.0,0.0
smallstuffedanimal_otter_t4,6.130149991323662,35.802265436358425,2.0407641816231488,0.0,0.0,0.0,0.0,0.0,0.0,2.0627376741844805
smallstuffedanimal_otter_t5,0.0,0.0,0.0,0.0,0.0,0.0,0.0,0.0,0.0,0.0
metal_mix_covered_cup_t1,0.0,0.0,0.0,0.0,0.0,0.0,0.0,0.0,0.0,0.0
metal_mix_covered_cup_t2,0.0,0.0,0.0,0.0,0.0,0.0,0.0,0.0,0.0,0.0
metal_mix_covered_cup_t3,0.0,0.0,0.0,0.0,0.0,0.0,0.0,0.0,0.0,0.0
metal_mix_covered_cup_t4,0.0,0.0,0.0,0.0,0.0,13.190214245498892,42.8419467998412,6.202041641318477,0.0,0.0
metal_mix_covered_cup_t5,0.0,0.0,0.0,0.0,0.0,0.0,0.0,0.0,0.0,0.0
metal_tea_jar_t1,0.0,0.0,0.0,0.0,0.0,6.290420386556152,56.27962304905177,0.0,0.0,0.0
metal_tea_jar_t2,0.0,0.0,0.0,0.0,0.0,0.0,8.751417352775555,0.0,0.0,0.0
metal_tea_jar_t3,0.0,0.0,0.0,0.0,0.0,6.34515552881561,95.76473656938069,0.0,0.0,0.0
metal_tea_jar_t4,0.0,0.0,0.0,0.0,0.0,2.66064041914724,0.0,0.0,0.0,0.0
metal_tea_jar_t5,0.0,0.0,0.0,0.0,0.0,0.0,16.03338562389844,0.0,0.0,0.0
metal_thermos_t1,0.0,7.163558006822385,0.0,0.0,0.0,28.625549525335373,77.6480726296214,17.119838066242473,0.0,0.0
metal_thermos_t2,0.0,0.0,0.0,0.0,0.0,0.0,0.0,0.0,0.0,0.0
metal_thermos_t3,0.0,2.2402574896649714,0.0,0.0,0.0,0.0,4.072552945508226,0.0,0.0,0.0
metal_thermos_t4,0.0,0.0,0.0,0.0,0.0,2.4096824348656396,23.975348656367206,0.0,0.0,0.0
metal_thermos_t5,4.613489610982212,6.85388185396434,0.0,0.0,0.0,0.0,6.235970367704701,0.0,0.0,0.0
metal_flower_cylinder_t1,0.0,0.0,0.0,0.0,0.0,0.0,2.0001931031777906,0.0,0.0,0.0
metal_flower_cylinder_t2,0.0,0.0,0.0,0.0,0.0,0.0,75.06785455870067,0.0,0.0,0.0
metal_flower_cylinder_t3,0.0,0.0,0.0,0.0,0.0,0.0,0.0,0.0,0.0,0.0
metal_flower_cylinder_t4,0.0,44.99815635094098,0.0,0.0,0.0,0.0,0.0,0.0,0.0,0.0
metal_flower_cylinder_t5,0.0,0.0,0.0,0.0,0.0,0.0,0.0,0.0,0.0,0.0
metal_food_can_t1,0.0,0.0,0.0,0.0,0.0,0.0,0.0,0.0,0.0,0.0
metal_food_can_t2,0.0,0.0,0.0,0.0,0.0,0.0,0.0,0.0,0.0,0.0
metal_food_can_t3,0.0,0.0,0.0,0.0,0.0,0.0,0.0,0.0,0.0,0.0
metal_food_can_t4,0.0,0.0,0.0,0.0,0.0,0.0,0.0,0.0,0.0,0.0
metal_food_can_t5,0.0,0.0,0.0,0.0,0.0,0.0,0.0,0.0,0.0,0.0
noodle_1_t1,0.0,94.81307822641526,0.0,0.0,0.0,0.0,12.951173588404956,0.0,0.0,0.0
noodle_1_t2,0.0,0.0,0.0,0.0,0.0,0.0,2.022607396406925,0.0,0.0,0.0
noodle_1_t3,19.718033345090614,38.58306299647396,0.0,0.0,0.0,0.0,0.0,0.0,0.0,0.0
noodle_1_t4,5.345179304158093,44.90446017547536,2.675624884489603,0.0,2.2245905508430086,12.546793385224396,129.07313442587187,4.480267440137201,0.0,0.0
noodle_1_t5,5.411789951148041,50.77622629387379,0.0,0.0,0.0,0.0,0.0,0.0,0.0,0.0
noodle_2_t1,4.559231691719509,108.64148031195731,9.150012375310402,0.0,0.0,0.0,6.035148659890915,0.0,0.0,6.641305460145684
noodle_2_t2,0.0,4.153689925821757,0.0,0.0,2.2906075539526625,7.2721827013439055,54.01847260378996,14.071182199645595,0.0,0.0
noodle_2_t3,0.0,0.0,0.0,0.0,0.0,0.0,56.77766609408879,0.0,0.0,0.0
noodle_2_t4,0.0,4.625611337770497,0.0,0.0,0.0,0.0,84.34107760209818,0.0,0.0,0.0
noodle_2_t5,0.0,6.914098999559119,0.0,0.0,4.6085977711696,4.492619216181501,215.0717964165549,9.305505135244447,0.0,0.0
noodle_3_t1,0.0,62.80856373505349,0.0,0.0,3.2303672346809114,10.364863303238225,143.1214147091167,17.43446700819099,0.0,0.0
noodle_3_t2,8.776376521052946,119.22818698689962,0.0,0.0,0.0,12.953306339432157,152.22833667112215,12.073231193188947,0.0,0.0
noodle_3_t3,4.311297880526359,133.59258506583453,8.346478046276902,0.0,0.0,2.3351810486555427,165.44033101554177,0.0,0.0,0.0
noodle_3_t4,4.631639250782903,12.736923437319001,4.888838453497927,0.0,0.0,3.439568829083087,172.60586378245148,8.85398562235551,0.0,0.0
noodle_3_t5,0.0,0.0,0.0,0.0,0.0,7.125817417307326,98.01386719497995,4.1273521007674265,0.0,0.0
noodle_4_t1,2.321402110457385,0.0,2.3212141387302037,0.0,0.0,2.498613841545396,59.494009946421414,0.0,0.0,0.0
noodle_4_t2,5.415275097844401,164.80843648680712,2.067376442644155,0.0,4.894657266477418,18.32214764836506,227.1972852775994,5.084224209264901,0.0,0.0
noodle_4_t3,0.0,5.010231268541874,0.0,0.0,4.183316445422047,57.9502471505374,1055.8499311028027,58.615795096675434,0.0,0.0
noodle_4_t4,24.164260711425733,131.30164966360203,13.297730294082848,0.0,2.3418705776366036,7.082862504323542,157.95494194680984,11.930525851747356,0.0,0.0
noodle_4_t5,0.0,39.89485879198921,0.0,0.0,0.0,14.930946939347352,249.6285658134578,9.447275077155494,0.0,0.0
noodle_5_t1,0.0,0.0,0.0,0.0,4.24374698839503,19.906343281282314,227.17085983421003,14.870147948555424,0.0,0.0
noodle_5_t2,12.109163251995744,237.99475776918007,7.022843654645761,0.0,5.3147805057909725,24.507177476627657,337.60195608218385,6.838506197660319,0.0,0.0
noodle_5_t3,2.2388218888513665,79.83195219081453,0.0,0.0,0.0,2.026511894462996,270.65205982540755,4.0822808492433325,0.0,0.0
noodle_5_t4,4.457503165518867,113.59896113173221,0.0,0.0,0.0,15.97478830216648,76.04434310537061,0.0,0.0,0.0
noodle_5_t5,0.0,7.090966166190519,0.0,0.0,0.0,5.233291582975749,232.40158102177503,0.0,0.0,0.0
pasta_cremette_t1,0.0,10.119804955997381,0.0,0.0,0.0,2.07455316875707,42.93513599750631,0.0,0.0,0.0
pasta_cremette_t2,0.0,46.650896757994026,0.0,0.0,0.0,9.727486918351556,98.66277781619881,0.0,0.0,0.0
pasta_cremette_t3,5.719200426010435,113.6721419914993,16.530990118586566,0.0,0.0,3.808713385121017,88.28635178242584,0.0,0.0,0.0
pasta_cremette_t4,0.0,0.0,0.0,0.0,0.0,0.0,61.45113943729083,0.0,0.0,0.0
pasta_cremette_t5,9.148459197997646,80.80640682032927,0.0,2.7921485508475365,0.0,0.0,8.632484177410891,0.0,0.0,0.0
pasta_macaroni_t1,2.1701602430235423,7.748348435832275,0.0,0.0,0.0,9.954504352857164,39.90167273261881,10.915926427727134,0.0,0.0
pasta_macaroni_t2,0.0,0.0,0.0,0.0,0.0,0.0,0.0,0.0,0.0,0.0
pasta_macaroni_t3,17.74354182154831,63.524079675134864,4.507879996124473,0.0,2.148701205632472,6.777031539948434,37.971935588108636,0.0,0.0,0.0
pasta_macaroni_t4,0.0,23.479463596413016,0.0,0.0,0.0,6.636208904407095,51.50543734913239,2.172277964626074,0.0,0.0
pasta_macaroni_t5,0.0,0.0,0.0,0.0,0.0,7.595781773801493,22.697989955242054,2.4016836616007526,0.0,0.0
pasta_penne_t1,6.309419730729452,183.51655541464604,0.0,0.0,0.0,7.3058203235541175,134.44545054042496,13.543080109594056,0.0,0.0
pasta_penne_t2,0.0,0.0,0.0,0.0,0.0,0.0,0.0,0.0,0.0,0.0
pasta_penne_t3,0.0,0.0,0.0,0.0,0.0,0.0,0.0,0.0,0.0,0.0
pasta_penne_t4,0.0,2.1419818159825725,0.0,0.0,0.0,0.0,0.0,0.0,0.0,0.0
pasta_penne_t5,0.0,173.5055181312318,0.0,0.0,0.0,0.0,26.861139422729373,0.0,0.0,0.0
pasta_rotini_t1,0.0,0.0,0.0,0.0,4.240111720281689,2.119957958775598,222.37757647821195,19.494809556665594,0.0,0.0
pasta_rotini_t2,0.0,0.0,0.0,0.0,0.0,0.0,154.23021778232751,0.0,0.0,0.0
pasta_rotini_t3,16.17650667649861,209.34855908198813,10.447102472187412,0.0,0.0,15.640525881003715,96.43880108435971,3.107666818305978,0.0,0.0
pasta_rotini_t4,0.0,0.0,0.0,0.0,0.0,0.0,0.0,0.0,0.0,0.0
pasta_rotini_t5,0.0,0.0,0.0,0.0,0.0,0.0,0.0,0.0,0.0,0.0
egg_rough_styrofoam_t1,4.901346608924488,7.32633335987382,2.629038011916146,0.0,0.0,2.565705941841348,12.599700231744679,0.0,0.0,0.0
egg_rough_styrofoam_t2,0.0,0.0,0.0,0.0,0.0,2.649734538118866,126.71636121639386,0.0,0.0,0.0
egg_rough_styrofoam_t3,0.0,0.0,0.0,0.0,0.0,0.0,44.083874309948584,0.0,0.0,0.0
egg_rough_styrofoam_t4,4.878381444597345,2.6588629186176562,0.0,0.0,0.0,0.0,0.0,0.0,0.0,0.0
egg_rough_styrofoam_t5,0.0,0.0,0.0,0.0,0.0,0.0,0.0,0.0,0.0,0.0
egg_smooth_styrofoam_t1,0.0,24.98961017153683,0.0,0.0,0.0,10.174983886507519,143.56739391008722,2.6102323777234853,0.0,0.0
egg_smooth_styrofoam_t2,0.0,0.0,0.0,0.0,0.0,0.0,25.913813615846315,0.0,0.0,0.0
egg_smooth_styrofoam_t3,18.627958906143014,159.69071123414275,8.591875577632964,0.0,4.587599102507792,11.222475456405165,542.3339562768577,6.829376441643847,0.0,2.4392188587145864
egg_smooth_styrofoam_t4,8.228287200435384,95.71861037321247,2.6371233406118875,0.0,0.0,49.721515440150874,257.9721951470677,22.231755114834375,0.0,0.0
egg_smooth_styrofoam_t5,0.0,2.2249114971162336,0.0,0.0,0.0,3.561306661886898,128.59357528647942,3.1744176245303644,0.0,0.0
egg_wood_t1,2.3649645769017344,4.694209019269675,0.0,0.0,0.0,2.164035420227682,42.1854810114639,3.0794639810200737,0.0,0.0
egg_wood_t2,6.798909517414126,10.172588655525308,2.7525966403379916,0.0,0.0,2.495595560181978,51.81821083782213,0.0,0.0,0.0
egg_wood_t3,0.0,4.959174032003254,0.0,0.0,0.0,0.0,0.0,0.0,0.0,0.0
egg_wood_t4,0.0,0.0,0.0,0.0,0.0,0.0,2.00475405474088,0.0,0.0,0.0
egg_wood_t5,0.0,0.0,0.0,0.0,0.0,0.0,32.52247433882519,0.0,0.0,0.0
medicine_ampicillin_t1,0.0,0.0,0.0,0.0,0.0,0.0,7.0112534337762895,0.0,0.0,0.0
medicine_ampicillin_t2,0.0,0.0,0.0,0.0,0.0,0.0,6.749160804915508,0.0,0.0,0.0
medicine_ampicillin_t3,0.0,6.283107667326607,0.0,0.0,0.0,0.0,0.0,0.0,0.0,0.0
medicine_ampicillin_t4,0.0,0.0,0.0,0.0,0.0,0.0,0.0,0.0,0.0,0.0
medicine_ampicillin_t5,0.0,0.0,0.0,0.0,0.0,0.0,0.0,0.0,0.0,0.0
medicine_aspirin_t1,0.0,0.0,0.0,0.0,0.0,0.0,8.193104943808478,0.0,0.0,0.0
medicine_aspirin_t2,0.0,0.0,0.0,0.0,4.1982617881461,0.0,11.87317159993335,6.326447168445095,0.0,0.0
medicine_aspirin_t3,0.0,0.0,0.0,0.0,0.0,0.0,0.0,0.0,0.0,0.0
medicine_aspirin_t4,0.0,0.0,0.0,0.0,0.0,0.0,6.691210497960132,0.0,0.0,0.0
medicine_aspirin_t5,0.0,0.0,0.0,0.0,0.0,0.0,0.0,0.0,0.0,0.0
medicine_bilberry_extract_t1,0.0,0.0,0.0,0.0,0.0,0.0,0.0,0.0,0.0,0.0
medicine_bilberry_extract_t2,0.0,0.0,0.0,0.0,0.0,0.0,0.0,0.0,0.0,0.0
medicine_bilberry_extract_t3,0.0,0.0,0.0,0.0,0.0,2.037749796810197,25.209955450681672,0.0,0.0,0.0
medicine_bilberry_extract_t4,0.0,0.0,0.0,0.0,0.0,0.0,0.0,0.0,0.0,0.0
medicine_bilberry_extract_t5,0.0,0.0,0.0,0.0,0.0,0.0,9.561992996130265,0.0,0.0,0.0
medicine_calcium_t1,0.0,0.0,0.0,0.0,0.0,0.0,0.0,0.0,0.0,0.0
medicine_calcium_t2,0.0,0.0,0.0,0.0,0.0,0.0,11.798016453661864,0.0,0.0,0.0
medicine_calcium_t3,0.0,4.950829598022466,0.0,0.0,9.764979584267019,0.0,36.391528668454214,2.635311378098611,0.0,0.0
medicine_calcium_t4,0.0,0.0,0.0,0.0,0.0,0.0,27.756296213085882,0.0,0.0,0.0
medicine_calcium_t5,0.0,2.046932710178818,0.0,0.0,0.0,0.0,0.0,0.0,0.0,0.0
medicine_flaxseed_oil_t1,0.0,0.0,0.0,0.0,0.0,0.0,4.783926461017357,0.0,0.0,0.0
medicine_flaxseed_oil_t2,4.430332907791367,30.252259254675142,4.793152929857513,0.0,0.0,0.0,0.0,0.0,0.0,2.2697854214881197
medicine_flaxseed_oil_t3,0.0,0.0,0.0,0.0,2.2559255952732573,2.3912305305009802,51.046449499544735,2.2576674156801753,0.0,0.0
medicine_flaxseed_oil_t4,0.0,6.679189253943283,0.0,0.0,8.761716519687297,2.006497348714919,54.051699642096494,11.349003727134528,0.0,0.0
medicine_flaxseed_oil_t5,0.0,0.0,0.0,0.0,0.0,0.0,25.63949118028205,0.0,0.0,0.0
pasta_pipette_t1,19.424923438464205,321.0679511637106,16.204576388100158,5.115322601752503,5.454670499184948,21.018121806112216,443.1169439417197,12.238779298544117,2.5484286079857132,0.0
pasta_pipette_t2,0.0,209.28479434084502,0.0,0.0,0.0,11.441221991527751,281.2643811318576,2.660107315805135,0.0,0.0
pasta_pipette_t3,0.0,0.0,0.0,0.0,0.0,2.29584362925701,118.43955511449161,0.0,0.0,0.0
pasta_pipette_t4,17.258516173758988,121.59874067626713,0.0,0.0,2.1347981747462685,6.193923206949985,155.6173853773805,0.0,0.0,0.0
pasta_pipette_t5,15.917121215356829,199.7994865532592,17.380772054803916,0.0,0.0,23.08465456862601,233.20962945236533,8.778315288892017,0.0,5.525221967322502
cup_paper_green_t1,0.0,0.0,0.0,0.0,0.0,0.0,76.56377874006255,0.0,0.0,0.0
cup_paper_green_t2,0.0,0.0,0.0,0.0,0.0,0.0,76.95183865089655,0.0,0.0,0.0
cup_paper_green_t3,0.0,0.0,0.0,0.0,0.0,0.0,89.77787134242098,0.0,0.0,0.0
cup_paper_green_t4,0.0,0.0,0.0,0.0,0.0,8.624140171535696,121.10270684810355,4.232209220919971,0.0,0.0
cup_paper_green_t5,0.0,0.0,0.0,0.0,7.832944292779207,15.01992015091869,125.3499743692778,25.836919572759555,0.0,0.0
cup_yellow_t1,0.0,0.0,0.0,0.0,0.0,0.0,0.0,0.0,0.0,0.0
cup_yellow_t2,0.0,0.0,0.0,0.0,0.0,0.0,0.0,0.0,0.0,0.0
cup_yellow_t3,0.0,0.0,0.0,0.0,0.0,0.0,0.0,0.0,0.0,0.0
cup_yellow_t4,0.0,0.0,0.0,0.0,0.0,0.0,59.531617653858575,0.0,0.0,0.0
cup_yellow_t5,0.0,0.0,0.0,0.0,0.0,0.0,0.0,0.0,0.0,0.0
cup_blue_t1,0.0,0.0,0.0,0.0,0.0,3.197603164872089,5.761101186657932,0.0,0.0,0.0
cup_blue_t2,0.0,0.0,0.0,0.0,0.0,0.0,2.0658134015442924,0.0,0.0,0.0
cup_blue_t3,0.0,2.285369116794922,0.0,0.0,0.0,20.9196286500369,183.0488858197351,4.2336083007257255,0.0,0.0
cup_blue_t4,0.0,0.0,0.0,0.0,0.0,0.0,4.84412768812434,0.0,0.0,0.0
cup_blue_t5,0.0,0.0,0.0,0.0,0.0,0.0,0.0,0.0,0.0,0.0
cup_isu_t1,0.0,0.0,0.0,0.0,0.0,7.70429841527622,60.309424158759334,0.0,0.0,0.0
cup_isu_t2,0.0,0.0,0.0,0.0,0.0,0.0,83.37603307284853,0.0,0.0,0.0
cup_isu_t3,0.0,0.0,0.0,0.0,0.0,6.258951062798319,75.51578382148168,8.200680201861008,0.0,0.0
cup_isu_t4,0.0,0.0,0.0,0.0,0.0,0.0,4.7698078325567135,0.0,0.0,0.0
cup_isu_t5,0.0,0.0,0.0,0.0,2.255601019911323,8.435362533146359,87.27477458933072,8.171034818409119,0.0,0.0
cup_metal_t1,0.0,0.0,0.0,0.0,0.0,13.86737109210219,42.50635734135378,13.866283455032224,0.0,0.0
cup_metal_t2,0.0,0.0,0.0,0.0,0.0,0.0,0.0,0.0,0.0,0.0
cup_metal_t3,0.0,0.0,0.0,0.0,2.5320812548622924,11.700814716798043,68.5391012210756,7.003060443463351,0.0,0.0
cup_metal_t4,0.0,0.0,0.0,0.0,0.0,0.0,0.0,0.0,0.0,0.0
cup_metal_t5,0.0,0.0,0.0,0.0,0.0,0.0,0.0,0.0,0.0,0.0
eggcoloringcup_blue_t1,0.0,0.0,0.0,0.0,10.696777785536339,14.457366235781166,230.02099265126648,30.463309976421925,0.0,0.0
eggcoloringcup_blue_t2,2.2478488138662707,50.228651965825115,0.0,0.0,0.0,6.21811316765719,172.70530009528744,0.0,0.0,8.457857398401707
eggcoloringcup_blue_t3,0.0,0.0,0.0,0.0,0.0,0.0,67.64800629170948,0.0,0.0,0.0
eggcoloringcup_blue_t4,0.0,0.0,0.0,0.0,0.0,2.0237288056861766,115.22739062253005,2.019987827989317,0.0,0.0
eggcoloringcup_blue_t5,0.0,0.0,0.0,0.0,0.0,0.0,0.0,0.0,0.0,0.0
eggcoloringcup_green_t1,6.558255501459341,95.33529076222041,8.733756771484437,0.0,2.790502558289091,54.91522430067315,736.7378134481226,23.04119354776144,0.0,0.0
eggcoloringcup_green_t2,0.0,2.32906831587225,0.0,0.0,0.0,0.0,46.53781577534488,0.0,0.0,0.0
eggcoloringcup_green_t3,0.0,0.0,0.0,0.0,0.0,28.713743566493637,228.410191384065,20.161155057323278,0.0,0.0
eggcoloringcup_green_t4,0.0,0.0,0.0,0.0,0.0,2.3507563144656234,79.06857210638407,0.0,0.0,0.0
eggcoloringcup_green_t5,2.2280555789521945,4.355197824731793,2.2609281730298285,0.0,4.778850204670122,10.066689126587367,220.41515887442972,4.894690060676014,0.0,0.0
eggcoloringcup_orange_t1,0.0,0.0,0.0,0.0,0.0,0.0,64.79773375396583,0.0,0.0,0.0
eggcoloringcup_orange_t2,2.5084048736198867,5.414854617814991,0.0,0.0,0.0,7.23234446864132,80.24151900852893,0.0,0.0,0.0
eggcoloringcup_orange_t3,0.0,0.0,0.0,0.0,0.0,0.0,37.245826641563745,0.0,0.0,0.0
eggcoloringcup_orange_t4,0.0,7.436653758396137,0.0,0.0,0.0,4.554426359039623,70.27271323686445,2.0227038087915887,0.0,0.0
eggcoloringcup_orange_t5,12.28895921101802,83.57304288655095,6.289645568797484,0.0,0.0,8.348158956397121,235.7693516269644,5.88313987638791,0.0,0.0
eggcoloringcup_pink_t1,0.0,0.0,0.0,0.0,3.1168351909462584,0.0,55.76605348181708,0.0,0.0,0.0
eggcoloringcup_pink_t2,0.0,2.3771515769929357,0.0,0.0,2.077433393254523,10.631575077991888,74.44996073191061,0.0,0.0,0.0
eggcoloringcup_pink_t3,4.735006891356971,7.4041508022782185,2.8459462271975555,0.0,0.0,0.0,32.108324458211726,2.3749891689355134,0.0,0.0
eggcoloringcup_pink_t4,0.0,4.958515596651969,0.0,0.0,0.0,0.0,49.23628413631899,0.0,0.0,0.0
eggcoloringcup_pink_t5,2.3181844728148793,4.922422084883868,0.0,0.0,2.1301057596337793,9.311897182618058,89.12088667295292,4.471827851957252,0.0,0.0
eggcoloringcup_yellow_t1,0.0,0.0,0.0,0.0,0.0,0.0,0.0,2.3861134237111274,0.0,0.0
eggcoloringcup_yellow_t2,0.0,2.3447660864145914,0.0,0.0,0.0,8.487268402568187,197.55010089628817,0.0,0.0,0.0
eggcoloringcup_yellow_t3,0.0,0.0,0.0,0.0,0.0,0.0,0.0,0.0,0.0,0.0
eggcoloringcup_yellow_t4,0.0,4.386314041828891,0.0,0.0,0.0,0.0,47.9477114940684,0.0,0.0,0.0
eggcoloringcup_yellow_t5,0.0,2.3720604081683923,0.0,0.0,0.0,0.0,0.0,0.0,0.0,0.0
egg_cardboard_t1,10.652937840011472,59.03496222815124,9.551285048301427,0.0,0.0,24.551746867936345,129.61172259691827,16.315063858592726,0.0,5.936478712481163
egg_cardboard_t2,0.0,2.1053053017555436,0.0,0.0,0.0,0.0,0.0,0.0,0.0,0.0
egg_cardboard_t3,6.497088120852956,0.0,3.0924884133008486,0.0,0.0,2.069550405281302,19.307733830862908,0.0,0.0,0.0
egg_cardboard_t4,0.0,6.757770241860523,0.0,0.0,0.0,4.3803899063797065,15.652122509943602,0.0,0.0,0.0
egg_cardboard_t5,0.0,2.1987190839213637,0.0,0.0,2.13508525551651,0.0,29.07355638062859,2.0863239464764334,2.2073515380428193,0.0
egg_plastic_wrap_t1,5.298342460007209,2.4089713821463303,2.6517580398859923,0.0,0.0,0.0,4.113947291835421,0.0,0.0,0.0
egg_plastic_wrap_t2,0.0,0.0,0.0,0.0,0.0,11.352347533430398,12.331187332966337,7.003458755880138,0.0,0.0
egg_plastic_wrap_t3,0.0,0.0,0.0,0.0,0.0,6.657364087780946,27.435292683507527,0.0,0.0,0.0
egg_plastic_wrap_t4,2.657349198449462,7.365658360652638,2.8346100547517996,0.0,0.0,0.0,0.0,0.0,0.0,0.0
egg_plastic_wrap_t5,0.0,0.0,0.0,0.0,0.0,0.0,0.0,0.0,0.0,0.0
can_arizona_t1,0.0,16.150839057596205,0.0,0.0,0.0,0.0,23.53404211977245,0.0,0.0,0.0
can_arizona_t2,0.0,0.0,0.0,0.0,0.0,28.87153623159951,199.17749387879482,28.261708564657997,0.0,0.0
can_arizona_t3,0.0,8.455694363217594,0.0,0.0,0.0,13.315478921504702,41.96310835370811,5.989122772264991,0.0,0.0
can_arizona_t4,0.0,0.0,0.0,0.0,0.0,17.376212893084297,109.74418266576453,12.65259562036778,0.0,0.0
can_arizona_t5,2.0583699059207023,24.048930323054496,4.106437890399121,0.0,0.0,10.221424973235164,42.600330446706096,4.0936582924019635,0.0,0.0
can_coke_t1,0.0,0.0,0.0,0.0,0.0,0.0,0.0,0.0,0.0,0.0
can_coke_t2,2.616134954470048,5.016842414234036,0.0,0.0,0.0,2.4727904699025753,30.384165705587463,2.1006894724351812,0.0,0.0
can_coke_t3,0.0,0.0,0.0,0.0,0.0,0.0,11.065261510312364,0.0,0.0,0.0
can_coke_t4,0.0,0.0,0.0,0.0,0.0,0.0,0.0,0.0,0.0,0.0
can_coke_t5,0.0,0.0,0.0,0.0,0.0,0.0,6.530104060774398,0.0,0.0,0.0
can_red_bull_large_t1,0.0,0.0,0.0,0.0,0.0,0.0,0.0,0.0,0.0,0.0
can_red_bull_large_t2,0.0,0.0,0.0,0.0,0.0,2.16588875155212,2.4852376727387666,0.0,0.0,0.0
can_red_bull_large_t3,0.0,0.0,0.0,0.0,0.0,0.0,0.0,0.0,0.0,0.0
can_red_bull_large_t4,0.0,0.0,0.0,0.0,0.0,0.0,4.514399578184415,0.0,0.0,0.0
can_red_bull_large_t5,0.0,0.0,0.0,0.0,0.0,0.0,4.745315856770079,0.0,0.0,0.0
can_red_bull_small_t1,0.0,0.0,0.0,0.0,0.0,0.0,2.5605211598422692,0.0,0.0,0.0
can_red_bull_small_t2,0.0,0.0,0.0,0.0,0.0,0.0,0.0,0.0,0.0,0.0
can_red_bull_small_t3,0.0,0.0,0.0,0.0,0.0,0.0,0.0,0.0,0.0,0.0
can_red_bull_small_t4,0.0,0.0,0.0,0.0,0.0,0.0,0.0,0.0,0.0,0.0
can_red_bull_small_t5,0.0,0.0,0.0,0.0,0.0,0.0,0.0,0.0,0.0,0.0
can_starbucks_t1,0.0,0.0,0.0,0.0,0.0,0.0,37.09841947772692,0.0,0.0,0.0
can_starbucks_t2,0.0,0.0,0.0,0.0,0.0,4.613162988376837,18.012555497678328,0.0,0.0,0.0
can_starbucks_t3,0.0,0.0,0.0,0.0,0.0,0.0,0.0,0.0,0.0,0.0
can_starbucks_t4,0.0,0.0,0.0,0.0,0.0,0.0,0.0,0.0,0.0,0.0
can_starbucks_t5,0.0,0.0,0.0,0.0,0.0,0.0,8.474113485861263,0.0,0.0,0.0
cone_1_t1,0.0,0.0,0.0,0.0,0.0,0.0,0.0,0.0,0.0,0.0
cone_1_t2,0.0,0.0,0.0,0.0,0.0,0.0,0.0,0.0,0.0,0.0
cone_1_t3,0.0,16.829172771322686,0.0,0.0,0.0,0.0,0.0,0.0,0.0,0.0
cone_1_t4,0.0,0.0,0.0,0.0,0.0,2.115633477235601,0.0,0.0,0.0,0.0
cone_1_t5,0.0,0.0,0.0,0.0,0.0,0.0,0.0,0.0,0.0,0.0
cone_2_t1,0.0,0.0,0.0,0.0,0.0,18.36822122043914,34.83283021370827,2.887731199419364,0.0,0.0
cone_2_t2,0.0,0.0,0.0,0.0,0.0,0.0,0.0,0.0,0.0,0.0
cone_2_t3,0.0,0.0,0.0,0.0,0.0,0.0,0.0,0.0,0.0,0.0
cone_2_t4,0.0,0.0,0.0,0.0,0.0,0.0,0.0,0.0,0.0,0.0
cone_2_t5,0.0,0.0,0.0,0.0,0.0,0.0,0.0,0.0,0.0,0.0
cone_3_t1,20.77929475968044,86.77271307263797,6.983311458259694,0.0,0.0,0.0,8.486129902375994,0.0,0.0,0.0
cone_3_t2,0.0,0.0,0.0,0.0,0.0,22.849013097756625,330.9653152900497,6.637089522087715,0.0,0.0
cone_3_t3,5.694761079626048,2.172043436490164,0.0,0.0,0.0,4.283747027907924,56.914725867935516,0.0,2.2523484721507905,0.0
cone_3_t4,0.0,4.4582983492098025,0.0,0.0,0.0,0.0,32.26638484015466,0.0,0.0,0.0
cone_3_t5,0.0,0.0,0.0,0.0,0.0,0.0,0.0,0.0,0.0,0.0
cone_4_t1,0.0,0.0,0.0,0.0,0.0,78.8062049036563,707.4841865636055,55.907661035337334,0.0,0.0
cone_4_t2,2.0304445646212557,13.85662853921924,0.0,0.0,4.0600033888447555,15.294621773441548,238.67399183653595,14.22174713519043,0.0,0.0
cone_4_t3,4.886173197810008,30.53371479647747,7.67746582625302,0.0,0.0,7.419901920872091,185.99257174758452,2.026112372739725,0.0,0.0
cone_4_t4,3.868422192574125,28.844395837426983,0.0,0.0,0.0,17.141506502791568,201.5614120354268,14.363960053110672,0.0,0.0
cone_4_t5,2.0249412164307388,7.854642010985266,0.0,0.0,0.0,34.110540419787434,172.4326473515556,15.807263987774995,0.0,0.0
cone_5_t1,0.0,68.7464829805751,6.508570709055428,0.0,0.0,10.22732478729882,76.62863487486143,5.250896465354614,0.0,0.0
cone_5_t2,9.061693496355268,400.72074234777415,26.644530846999913,0.0,4.380150406651684,63.10303668038018,390.42230075007063,47.07065396219875,0.0,0.0
cone_5_t3,8.454867231183146,245.3057239774569,6.061290207576832,0.0,0.0,26.784682781278825,330.05315765771775,23.175261347130224,0.0,0.0
cone_5_t4,28.458073630476914,188.06178179289475,23.40533439984193,0.0,0.0,51.426345533543675,540.7786980143173,25.518215862679366,0.0,0.0
cone_5_t5,0.0,173.5709341935007,17.043347148955014,0.0,0.0,74.36343181989966,519.2678128210388,28.671728428300103,0.0,2.899320681539212
bottle_fuse_t1,36.74384606602831,136.19117308724992,25.367872752254364,0.0,0.0,37.635495824892025,294.2163960468429,31.431611406478666,0.0,5.588931340407928
bottle_fuse_t2,11.232331578483544,257.1863493698063,2.032650675499605,0.0,0.0,21.33919871944545,129.2546782754529,6.250073896285537,0.0,0.0
bottle_fuse_t3,0.0,0.0,0.0,0.0,3.2568295345166596,15.570605667914032,188.40445419559077,25.52141618122398,0.0,0.0
bottle_fuse_t4,0.0,8.854773553169325,0.0,0.0,2.038472633576669,74.52320203683917,435.6175260537674,37.825769107737294,0.0,0.0
bottle_fuse_t5,0.0,21.87274990984156,0.0,0.0,8.261166428451556,45.05269684574512,281.4528902231633,28.08767473795376,0.0,0.0
bottle_google_t1,0.0,0.0,0.0,0.0,0.0,7.23631123726271,74.29426105225696,4.189736004147635,0.0,0.0
bottle_google_t2,0.0,0.0,0.0,0.0,0.0,0.0,2.6402273576341866,0.0,0.0,0.0
bottle_google_t3,0.0,4.348490663092112,0.0,0.0,0.0,0.0,117.09522717819121,0.0,0.0,0.0
bottle_google_t4,9.397919058477093,141.12653719318547,4.254745992033725,0.0,0.0,13.735039683970143,232.60080549795663,6.4369502355055435,0.0,0.0
bottle_google_t5,0.0,0.0,0.0,0.0,0.0,2.1102928086879316,98.69489942907596,0.0,0.0,0.0
bottle_green_t1,13.45621055069652,142.50243282269605,4.2350079459468235,0.0,2.823615481541352,36.45653296809709,573.4915014090955,28.943968832837236,0.0,0.0
bottle_green_t2,11.274031961575236,73.09568330795254,0.0,0.0,0.0,8.878154684043343,350.9742221601528,6.8498658271542485,0.0,0.0
bottle_green_t3,13.613410009212808,169.34036744682965,0.0,0.0,0.0,12.04119011827142,300.84289337454635,11.810905805176724,0.0,0.0
bottle_green_t4,15.513944530584169,213.0725036224742,8.096942250643083,0.0,0.0,35.4662201950127,684.7804635049541,28.39603285990687,0.0,0.0
bottle_green_t5,0.0,0.0,0.0,0.0,0.0,72.7130399380134,420.85688230734337,26.851519357493313,0.0,0.0
bottle_red_t1,4.274887328930795,46.94804626442115,0.0,0.0,4.62760809748894,8.180000174450731,171.08776311816825,0.0,0.0,0.0
bottle_red_t2,0.0,2.4160489440406625,0.0,0.0,0.0,0.0,56.59371377569668,0.0,0.0,0.0
bottle_red_t3,0.0,0.0,0.0,0.0,0.0,0.0,16.042534188784828,0.0,0.0,0.0
bottle_red_t4,0.0,0.0,0.0,0.0,0.0,0.0,98.3424989746507,2.027412618314289,0.0,0.0
bottle_red_t5,7.053212548598816,13.55243782689524,0.0,0.0,0.0,0.0,89.69939558392348,0.0,0.0,0.0
bottle_sobe_t1,8.301687441216961,97.59093557282809,2.1453133862394,0.0,0.0,18.96767359420414,251.6113602038504,4.492762312788232,0.0,0.0
bottle_sobe_t2,14.274828031206795,92.28438360042475,13.745778470563035,0.0,0.0,8.575253042691996,95.29056081014853,9.742175737283883,0.0,0.0
bottle_sobe_t3,0.0,37.903400561663666,0.0,0.0,6.370382039778205,46.62557272673642,484.1241012176195,32.636517227835064,0.0,0.0
bottle_sobe_t4,0.0,0.0,0.0,0.0,3.3214114383198963,71.38589962719283,413.75617498130333,29.582753925135943,0.0,0.0
bottle_sobe_t5,0.0,77.71463428016024,0.0,0.0,0.0,60.93028866947955,411.412779441615,9.616852913921097,0.0,0.0
cannedfood_chili_t1,0.0,0.0,0.0,0.0,0.0,0.0,0.0,0.0,0.0,0.0
cannedfood_chili_t2,0.0,0.0,0.0,0.0,0.0,0.0,2.430750271006876,0.0,0.0,0.0
cannedfood_chili_t3,0.0,0.0,0.0,0.0,0.0,0.0,0.0,0.0,0.0,0.0
cannedfood_chili_t4,0.0,0.0,0.0,0.0,0.0,4.20349443693075,14.748381841850396,0.0,0.0,0.0
cannedfood_chili_t5,0.0,0.0,0.0,0.0,0.0,0.0,21.478238563470722,0.0,0.0,0.0
cannedfood_cowboy_cookout_t1,0.0,0.0,0.0,0.0,0.0,0.0,0.0,0.0,0.0,0.0
cannedfood_cowboy_cookout_t2,0.0,0.0,0.0,0.0,0.0,0.0,0.0,0.0,0.0,0.0
cannedfood_cowboy_cookout_t3,0.0,0.0,0.0,0.0,0.0,0.0,13.609251587957688,0.0,0.0,0.0
cannedfood_cowboy_cookout_t4,0.0,0.0,0.0,0.0,0.0,0.0,0.0,0.0,0.0,0.0
cannedfood_cowboy_cookout_t5,0.0,0.0,0.0,0.0,0.0,0.0,0.0,0.0,0.0,0.0
cannedfood_soup_t1,0.0,0.0,0.0,0.0,0.0,0.0,0.0,0.0,0.0,0.0
cannedfood_soup_t2,0.0,0.0,0.0,0.0,0.0,0.0,2.581446075361637,2.0691159686204155,0.0,0.0
cannedfood_soup_t3,0.0,2.0407099181412334,0.0,0.0,0.0,0.0,0.0,0.0,0.0,0.0
cannedfood_soup_t4,0.0,0.0,0.0,0.0,0.0,0.0,0.0,0.0,0.0,0.0
cannedfood_soup_t5,2.0620113188098657,2.432308559784305,0.0,0.0,0.0,0.0,0.0,0.0,0.0,0.0
cannedfood_tomatoes_t1,0.0,0.0,0.0,0.0,0.0,0.0,8.133975776800137,0.0,0.0,0.0
cannedfood_tomatoes_t2,0.0,0.0,0.0,0.0,0.0,0.0,0.0,0.0,0.0,0.0
cannedfood_tomatoes_t3,0.0,2.080554601542579,0.0,0.0,0.0,0.0,0.0,2.0755942526418787,0.0,0.0
cannedfood_tomatoes_t4,0.0,10.58239429329493,0.0,0.0,0.0,0.0,0.0,0.0,0.0,0.0
cannedfood_tomatoes_t5,0.0,6.311988778403737,0.0,0.0,0.0,0.0,10.921358422413956,0.0,0.0,0.0
cannedfood_tomato_paste_t1,0.0,0.0,0.0,0.0,0.0,0.0,0.0,0.0,0.0,0.0
cannedfood_tomato_paste_t2,0.0,0.0,0.0,0.0,0.0,0.0,0.0,0.0,0.0,0.0
cannedfood_tomato_paste_t3,0.0,0.0,0.0,0.0,0.0,0.0,0.0,0.0,0.0,0.0
cannedfood_tomato_paste_t4,0.0,0.0,0.0,0.0,0.0,0.0,0.0,0.0,0.0,0.0
cannedfood_tomato_paste_t5,0.0,0.0,0.0,0.0,0.0,0.0,0.0,0.0,0.0,0.0
