ball_base_t1,58.538456820781036,540.7907125905921,38.308004563432455,0.0,0.0,186.59380070011105,2981.06873282058,192.455244970826,0.0,9.712125884437244
ball_base_t2,42.87530954461936,553.2077503653974,48.21147884836918,2.641300410782537,16.246737455504785,225.293892838184,2931.3966169673376,237.84848477035732,17.09403684783999,2.043601228444532
ball_base_t3,44.0950383786392,643.5830840771483,38.98015448153056,0.0,9.290826244934735,225.42114175699322,3301.6312276464514,222.8136920837629,0.0,0.0
ball_base_t4,0.0,27.74134457210453,0.0,0.0,9.93463854216324,237.90289335790777,3010.4908529130007,191.44474798096422,2.6278374474080395,0.0
ball_base_t5,64.2152961979367,623.5414491558951,51.69714512194868,0.0,0.0,186.0416197470806,3041.2617233061305,216.84774037222883,0.0,0.0
ball_basket_t1,0.0,0.0,0.0,0.0,10.489802043914011,376.3333758601988,6550.299312998004,379.94005542314824,0.0,0.0
ball_basket_t2,0.0,0.0,0.0,0.0,8.296301471914138,454.95988127628607,5744.920121258158,373.38711528346875,0.0,0.0
ball_basket_t3,7.405035912909106,11.385560582510298,2.3797359243411864,0.0,8.410506630417212,311.6965232863244,4092.461661295173,280.3820681253534,0.0,0.0
ball_basket_t4,2.829973789631275,4.001588750733888,2.829973789631275,0.0,4.448575914218054,394.6473932858007,3889.3088519938856,319.4572781624382,2.361023669936411,0.0
ball_basket_t5,0.0,0.0,0.0,2.022068455814491,0.0,395.38796433825655,4548.161028838081,305.57496568147224,0.0,0.0
ball_blue_t1,0.0,0.0,0.0,0.0,9.733942933981288,294.398600171432,4324.154182446212,210.10391391770332,0.0,0.0
ball_blue_t2,24.00525135761835,199.16798250634955,10.829852944583859,6.654788127048466,8.764568895320226,262.14546955488686,3728.2499156429203,336.05806072734487,0.0,0.0
ball_blue_t3,0.0,0.0,0.0,0.0,2.1186351367094804,188.18930070908246,2755.3137142497553,172.26165224263892,0.0,0.0
ball_blue_t4,0.0,123.18207586944517,0.0,0.0,2.7794184565554354,367.40221107198096,3803.318742084798,263.26331512816,0.0,0.0
ball_blue_t5,0.0,0.0,0.0,0.0,2.270830598551112,149.98363380120637,2876.640285578101,168.92757563580886,0.0,0.0
ball_transparent_t1,0.0,17.870884881066722,0.0,0.0,2.1449021809126867,330.1212623276023,4121.5475498311,323.36953533730247,0.0,0.0
ball_transparent_t2,7.441799944931853,60.2729352213331,6.7638426630635,0.0,2.0618661008710046,259.50647708200887,3965.368242319238,239.9494141009402,0.0,2.1703820233426647
ball_transparent_t3,0.0,0.0,0.0,0.0,0.0,419.14771793922114,4581.07056095264,352.28141229548106,0.0,0.0
ball_transparent_t4,3.1915595701788178,53.21785800449894,2.9572362961934577,0.0,3.6172090713876357,347.60164170970063,6308.812974930479,289.15034181445327,9.254120983578286,2.853944553438276
ball_transparent_t5,0.0,47.5353001197871,6.262647691686743,0.0,0.0,323.9476561591751,4719.289435874718,296.7417393227339,27.110620653114616,0.0
ball_yellow_purple_t1,63.16640433726893,774.5017955712415,86.48395224456792,0.0,13.790690598323309,208.2169435925546,2777.1614951403303,177.61289558528404,3.3738520729279164,4.403261206197062
ball_yellow_purple_t2,0.0,167.4491401992485,2.0373894658667986,0.0,0.0,291.89679100835616,3584.5408790170322,256.471345616851,0.0,0.0
ball_yellow_purple_t3,0.0,2.0772718117762055,0.0,0.0,0.0,386.3229785040632,4751.813632187847,282.82463889087927,0.0,0.0
ball_yellow_purple_t4,86.80655237946392,598.1351301552899,42.17702221939182,0.0,12.354904446898313,261.78309223998014,2528.621757822419,159.35012627364486,29.461780190940914,0.0
ball_yellow_purple_t5,2.1865195379872553,44.06976792875392,0.0,0.0,2.4190019092048356,361.2095311757666,4301.930077725737,335.83467507302646,0.0,0.0
basket_cylinder_t1,0.0,0.0,0.0,0.0,10.164944606623795,184.7476986804045,4702.999059408311,238.73042103313526,0.0,0.0
basket_cylinder_t2,0.0,0.0,0.0,0.0,15.457320872675002,133.08724066062368,4310.716880358187,141.3628055665503,0.0,0.0
basket_cylinder_t3,0.0,0.0,0.0,0.0,0.0,135.09346107984692,2871.116765962948,146.0229590879964,7.493683967908474,0.0
basket_cylinder_t4,0.0,0.0,0.0,0.0,0.0,138.90447384294703,4013.444161875312,160.55307038700144,0.0,0.0
basket_cylinder_t5,0.0,0.0,0.0,0.0,0.0,0.0,0.0,0.0,0.0,0.0
basket_funnel_t1,0.0,2.6112039215656826,0.0,0.0,0.0,172.18525048926716,5758.528203036612,158.56709319278218,0.0,0.0
basket_funnel_t2,0.0,4.673246730792689,0.0,0.0,0.0,166.8478805193226,3427.084540243987,128.64324992202097,5.235855356176235,0.0
basket_funnel_t3,0.0,280.835467509158,10.33887125316856,0.0,0.0,432.19008802187545,9122.568947711032,377.39040332304336,0.0,0.0
basket_funnel_t4,0.0,43.07535780647398,0.0,0.0,0.0,108.39409488406149,3866.7677069662295,82.14036752290646,0.0,0.0
basket_funnel_t5,0.0,0.0,0.0,0.0,0.0,122.77601198116975,3588.2481170059636,109.83609025864604,0.0,0.0
basket_green_t1,0.0,0.0,0.0,0.0,7.919539823508034,251.37032762298833,8016.461519250021,194.13952540134997,0.0,0.0
basket_green_t2,0.0,0.0,0.0,0.0,5.0739354857079455,162.86009998755353,5572.340124483341,173.11403031232203,0.0,0.0
basket_green_t3,0.0,0.0,0.0,0.0,0.0,185.41548600466317,6883.840458287162,176.47359192652715,0.0,0.0
basket_green_t4,0.0,0.0,0.0,0.0,6.143726079002879,137.2329172103858,6304.593197130917,252.6648658106809,0.0,0.0
basket_green_t5,0.0,0.0,0.0,0.0,5.266915140452365,205.97503720894937,6779.139427922407,211.60735773222467,0.0,0.0
basket_handle_t1,0.0,0.0,0.0,0.0,0.0,177.02395593779752,4214.6788075623635,84.16594729789448,0.0,0.0
basket_handle_t2,0.0,0.0,0.0,0.0,2.581900171795784,201.03878210190223,6889.040618372018,231.81475953688036,0.0,0.0
basket_handle_t3,0.0,0.0,0.0,0.0,5.250447738023751,221.24281908129316,6793.167981128029,280.79354400743136,0.0,0.0
basket_handle_t4,0.0,0.0,0.0,0.0,13.329893468770269,293.01762590794175,6808.788672652451,303.9155896591784,0.0,0.0
basket_handle_t5,0.0,0.0,0.0,0.0,0.0,144.48756842490016,4306.195094532409,171.02749694183257,0.0,0.0
basket_semicircle_t1,0.0,5.461056865650418,0.0,0.0,8.967721910442423,171.07435264599135,4667.816916920342,197.56155759363443,0.0,0.0
basket_semicircle_t2,20.47530744591243,204.43740094544725,9.748272844653236,0.0,0.0,240.0808035479357,6741.189371606645,228.33014335094805,0.0,0.0
basket_semicircle_t3,0.0,0.0,0.0,0.0,0.0,148.29759703395777,5630.319813194975,119.25563115313828,0.0,0.0
basket_semicircle_t4,0.0,0.0,0.0,0.0,0.0,225.66018910477234,5360.467371370414,158.13344263396354,0.0,0.0
basket_semicircle_t5,0.0,0.0,0.0,0.0,0.0,222.4364040730618,5081.909659686517,184.14913969546546,0.0,0.0
bigstuffedanimal_bear_t1,0.0,3.8265790570691207,2.713581976944865,0.0,0.0,215.03671657590112,4357.182351932722,140.82512412743404,0.0,0.0
bigstuffedanimal_bear_t2,0.0,2.2516353012866004,0.0,0.0,10.945504213808094,138.2959308700575,4896.145152834528,122.66977782047186,0.0,0.0
bigstuffedanimal_bear_t3,4.4706974592601405,456.93889384342486,0.0,0.0,0.0,210.40835144870601,7107.075371912955,227.17866564796773,0.0,0.0
bigstuffedanimal_bear_t4,0.0,0.0,0.0,0.0,0.0,108.70300194238084,1979.5824210829417,131.69827092754463,0.0,0.0
bigstuffedanimal_bear_t5,0.0,2.0130372078031744,0.0,0.0,24.70790012066453,404.76227015645424,8439.734391269212,286.74598096003683,0.0,0.0
bigstuffedanimal_bunny_t1,2.1814532633086596,51.73142978334101,2.4689209835270147,0.0,2.563574469680957,279.22393907901653,6240.14407599295,220.23287861102932,0.0,0.0
bigstuffedanimal_bunny_t2,7.253956891557342,26.350335827567637,0.0,0.0,4.710705881271721,69.53937636093288,864.3581106993903,49.36818988791372,0.0,0.0
bigstuffedanimal_bunny_t3,15.146263520323703,849.6463961691649,51.90107533004332,21.94423064366839,2.006211434250139,194.83674109591828,6683.8766681132765,159.36798694958145,8.548486854935774,70.98023327661812
bigstuffedanimal_bunny_t4,123.1760020905474,1430.051219082298,29.239936896129265,6.571722881389814,13.009858100876581,352.0812673251189,6781.81285590004,230.2036329561336,37.275773875136935,0.0
bigstuffedanimal_bunny_t5,0.0,2.1220295285410145,0.0,0.0,0.0,205.27731619551645,4180.470535276389,97.34551009145846,0.0,0.0
bigstuffedanimal_frog_t1,0.0,0.0,0.0,0.0,3.0052354261295404,194.90980121651756,5086.428683101414,122.84476203786242,0.0,0.0
bigstuffedanimal_frog_t2,0.0,0.0,0.0,0.0,0.0,164.88298762049757,4209.440605737976,164.89139966563462,0.0,0.0
bigstuffedanimal_frog_t3,0.0,0.0,0.0,0.0,2.48751832249659,224.755465374621,4277.581346036338,124.88110972541541,0.0,0.0
bigstuffedanimal_frog_t4,0.0,0.0,0.0,0.0,0.0,385.13289961174394,8550.58135413218,306.5470520000405,0.0,0.0
bigstuffedanimal_frog_t5,0.0,0.0,0.0,0.0,0.0,170.97678496065134,5223.009488031013,165.81804185261814,0.0,0.0
bigstuffedanimal_pink_dog_t1,0.0,0.0,0.0,0.0,3.060507422249469,236.9278512151392,4917.02650640147,221.37529972394225,0.0,0.0
bigstuffedanimal_pink_dog_t2,0.0,0.0,0.0,0.0,0.0,229.02639313847297,6594.719204938474,227.1406385560582,0.0,0.0
bigstuffedanimal_pink_dog_t3,0.0,11.351355461162408,0.0,0.0,2.818654508608673,182.94494294841982,5696.477420867681,170.2875995102573,0.0,0.0
bigstuffedanimal_pink_dog_t4,0.0,0.0,0.0,0.0,0.0,146.5091232750275,7301.046886046046,274.47619190178887,0.0,0.0
bigstuffedanimal_pink_dog_t5,4.121246137986397,255.78686964732017,0.0,0.0,0.0,233.34910456837278,5882.4022317565705,193.16228135559493,0.0,0.0
bigstuffedanimal_tan_dog_t1,0.0,0.0,0.0,0.0,0.0,259.6085575885753,7449.8294281746175,280.56626495090893,0.0,0.0
bigstuffedanimal_tan_dog_t2,0.0,0.0,0.0,0.0,0.0,122.86769460741858,2835.9528404296875,70.42626624451528,0.0,0.0
bigstuffedanimal_tan_dog_t3,16.154725846455378,208.465886649017,22.42186657772689,0.0,3.55331300524281,325.5061157675134,6716.031878429874,232.5650628407752,0.0,0.0
bigstuffedanimal_tan_dog_t4,16.456133598430263,691.4801673901413,2.9118425920540414,0.0,0.0,111.05743915339183,2517.3875688479097,128.56556232870543,7.343269628138415,25.316528029970797
bigstuffedanimal_tan_dog_t5,0.0,25.177109599323074,0.0,0.0,0.0,255.99080059142622,3765.446530013244,167.87461554261924,2.291934748198561,0.0
tupperware_coffee_beans_t1,0.0,0.0,0.0,0.0,3.1333518574729204,149.45919389051562,3761.862803083162,173.56283046818794,0.0,0.0
tupperware_coffee_beans_t2,2.8985416175897836,4.092451206795263,2.899310508534745,0.0,2.031474379530542,127.8495433857964,3936.605971801121,206.42366675305215,0.0,0.0
tupperware_coffee_beans_t3,0.0,0.0,0.0,0.0,19.144880871058895,102.19072703831024,2879.251908265195,134.0769460998714,0.0,0.0
tupperware_coffee_beans_t4,0.0,0.0,0.0,0.0,2.0139515602220923,169.8002767847881,4120.118491693833,167.32988827806045,0.0,0.0
tupperware_coffee_beans_t5,0.0,0.0,0.0,0.0,31.08776975232762,116.66154650747734,3414.9713854231445,123.52149043847066,0.0,0.0
tupperware_ground_coffee_t1,0.0,0.0,0.0,0.0,2.7125749665002807,126.19613145873114,4039.2799817790765,106.6056560812648,0.0,0.0
tupperware_ground_coffee_t2,0.0,0.0,0.0,0.0,0.0,116.73203635681452,2994.6968872609264,155.9443173519,0.0,0.0
tupperware_ground_coffee_t3,0.0,0.0,0.0,0.0,0.0,141.17938574469724,3513.1174200334476,161.62492095457907,0.0,0.0
tupperware_ground_coffee_t4,0.0,0.0,0.0,0.0,0.0,127.67418081334657,3266.314553783582,165.050447043569,0.0,0.0
tupperware_ground_coffee_t5,0.0,0.0,0.0,0.0,0.0,139.39696108756706,2938.2297698199936,115.4308988006168,0.0,0.0
tupperware_marbles_t1,0.0,0.0,0.0,0.0,23.570052458236905,94.28659440981116,2337.1278605190105,132.01117073162865,0.0,0.0
tupperware_marbles_t2,0.0,0.0,0.0,0.0,4.257304252044476,114.19663548545259,3243.0875601323496,180.66052861515794,0.0,0.0
tupperware_marbles_t3,0.0,0.0,0.0,0.0,0.0,148.04466745232818,3214.414844451883,140.8205753216298,0.0,0.0
tupperware_marbles_t4,0.0,0.0,0.0,0.0,0.0,161.4848801752061,3236.8153585200116,160.37305897900563,0.0,0.0
tupperware_marbles_t5,0.0,2.160918323306089,0.0,0.0,6.190084332186121,140.91196341038938,2989.586150880151,112.32187191839361,0.0,0.0
tupperware_pasta_t1,0.0,2.647407788762434,0.0,0.0,0.0,170.97600541141534,5321.289362753352,171.30873113774712,0.0,0.0
tupperware_pasta_t2,0.0,5.6404493721688524,3.9937914395346183,0.0,0.0,196.07209145436937,3735.857834224543,174.3960544225342,0.0,0.0
tupperware_pasta_t3,0.0,0.0,0.0,0.0,4.455206103829542,214.2473999791911,4377.893029544696,158.24501148881387,0.0,0.0
tupperware_pasta_t4,0.0,0.0,0.0,0.0,5.16604973814459,225.83177001706085,4428.597397866833,197.461284732285,0.0,0.0
tupperware_pasta_t5,0.0,0.0,0.0,0.0,0.0,165.50006283548052,2571.0493157410165,148.76349720970092,0.0,0.0
tupperware_rice_t1,0.0,0.0,0.0,0.0,0.0,175.79416597296807,3097.312287234383,117.45592920053925,0.0,0.0
tupperware_rice_t2,0.0,0.0,0.0,0.0,2.685543078135408,125.90632386508085,3370.522109575172,132.50908520908766,0.0,0.0
tupperware_rice_t3,3.0724361757569514,0.0,3.0787325366942806,0.0,15.599626840845175,90.14716176060693,1868.723210508822,134.6865875667497,0.0,0.0
tupperware_rice_t4,3.3325934782988456,4.372182651719847,3.0970893766405903,0.0,0.0,110.0500116921159,1945.9250724248616,83.73021471323324,0.0,0.0
tupperware_rice_t5,0.0,0.0,0.0,0.0,0.0,154.38638903660632,3641.44177322066,179.8626685265509,0.0,0.0
weight_1_t1,0.0,0.0,0.0,0.0,2.165704578625832,182.2531689850681,2088.825358050063,179.74365886922163,0.0,0.0
weight_1_t2,0.0,0.0,0.0,0.0,7.293521799410032,146.98322471244103,2736.3514982943766,180.1848233882737,0.0,0.0
weight_1_t3,0.0,0.0,0.0,0.0,0.0,158.31394012223296,2206.8518994415494,165.48527805705058,0.0,0.0
weight_1_t4,0.0,0.0,0.0,0.0,0.0,146.3754507437132,2088.3079576201703,162.11283244653697,0.0,0.0
weight_1_t5,0.0,0.0,0.0,0.0,0.0,135.87709755386103,1682.143699812731,129.95908235432054,0.0,0.0
weight_2_t1,0.0,0.0,0.0,0.0,0.0,168.754186992109,2546.7884549183236,188.8924467626762,0.0,0.0
weight_2_t2,2.011522724306141,59.28985901962808,0.0,0.0,0.0,88.3757443612916,1127.862320585812,87.592406706254,0.0,0.0
weight_2_t3,0.0,4.628678384706678,0.0,0.0,2.9615716800416974,117.28768899532693,1921.6928571855299,130.20398226137078,0.0,0.0
weight_2_t4,0.0,0.0,0.0,0.0,0.0,150.10150478851517,1985.414214991242,134.76065241090424,0.0,0.0
weight_2_t5,0.0,0.0,0.0,0.0,4.510403888608567,201.84010268424524,2874.6466109497424,180.51454408613228,0.0,0.0
weight_3_t1,0.0,0.0,0.0,0.0,0.0,135.75439665477472,2872.5891843596273,156.56687720846875,0.0,0.0
weight_3_t2,4.161098743500329,137.8467611259153,10.676351719067926,0.0,2.546067862772122,148.87908013478324,2703.836087232878,145.8283830957517,0.0,8.005435865500681
weight_3_t3,0.0,0.0,0.0,0.0,2.1531000111498706,183.37666164401995,3009.8384164949903,144.67234889544613,0.0,0.0
weight_3_t4,0.0,0.0,0.0,0.0,19.5659047287184,148.3061128594531,3295.692018921676,141.966091871589,0.0,0.0
weight_3_t5,0.0,0.0,0.0,0.0,0.0,154.4457273939549,2731.087430566952,188.230942562956,0.0,0.0
weight_4_t1,11.006649617592604,116.16393466585039,19.885268409159075,0.0,2.353502050341907,166.8282658427934,2450.052918564459,120.11927966494771,0.0,14.158954521782544
weight_4_t2,29.447397375311496,95.87779415636217,18.77518247628291,0.0,9.092636902489506,141.93924241446055,2881.3779727893575,182.4418774274782,0.0,0.0
weight_4_t3,15.444059559073658,44.878453913273,2.1419027746769927,0.0,11.131422111712888,205.56841592214184,4212.597472239995,211.2138087947542,0.0,0.0
weight_4_t4,12.540903042551092,135.63828359901845,21.464260979225376,0.0,7.521748127219974,145.89118117407804,3249.1903682428956,182.3918490676784,2.1575942621354924,12.385032107417041
weight_4_t5,0.0,49.185374487651636,0.0,0.0,0.0,199.79578970671795,3149.410837956101,155.59156321927392,0.0,0.0
weight_5_t1,28.870919957825546,195.15229127442242,15.148889295196696,0.0,0.0,183.19723593678222,3323.0579127814244,234.4040625417769,0.0,2.773121701548636
weight_5_t2,12.854685105317188,175.11605949751979,5.86932823232685,0.0,6.651530416466492,156.43738787378715,3395.8092252864403,164.85327214121853,0.0,6.866916129129229
weight_5_t3,9.300042292139395,213.09767096894936,20.18478363696433,0.0,4.362589014217637,219.19889395765895,3495.157425056983,202.58445586650373,0.0,0.0
weight_5_t4,16.906274194262583,197.65613971331103,12.361550147988392,0.0,2.168272604986744,199.22342744288702,2970.6258656109435,161.41393191755748,0.0,0.0
weight_5_t5,15.734066843350583,146.13134753356454,14.543883679733707,0.0,6.606382400586104,183.13693691713974,3494.6752967020425,189.07803106011258,0.0,0.0
timber_pentagon_t1,0.0,0.0,0.0,0.0,14.227090271496014,139.65599081789617,2043.6711036934323,99.19814850385116,0.0,0.0
timber_pentagon_t2,0.0,85.18479423074284,0.0,0.0,0.0,70.25198222232866,1477.9345384689539,79.3296186484793,0.0,0.0
timber_pentagon_t3,0.0,0.0,0.0,0.0,2.1339527460562477,142.98760707427604,2134.322808402852,134.3626052796041,0.0,0.0
timber_pentagon_t4,0.0,0.0,0.0,0.0,3.4093016252952744,94.74181234115052,1404.5403010951636,63.72043856667681,0.0,0.0
timber_pentagon_t5,5.211318728638183,95.04248511285243,22.768755925891526,0.0,0.0,117.2740973679767,1587.2992143069714,122.89606931098247,35.014073161798905,2.7349642051770986
timber_rectangle_t1,0.0,0.0,0.0,0.0,0.0,92.84524848686833,1965.314800421503,107.27667629372202,0.0,0.0
timber_rectangle_t2,4.2346283369331825,5.86743227575306,2.076252103170759,0.0,2.4928066651966816,99.62390105723897,1711.641783440863,99.1795711271991,0.0,0.0
timber_rectangle_t3,5.621227979787941,0.0,5.356739007380648,0.0,12.52618628718399,140.08264157288826,2186.169611117152,153.16021221913692,0.0,0.0
timber_rectangle_t4,0.0,4.83908528236484,3.4270200802008732,0.0,8.522422433067854,169.53978254507942,2455.102449115005,168.53933086712695,0.0,0.0
timber_rectangle_t5,0.0,4.587284532269608,0.0,0.0,0.0,84.24693467580457,1679.3911287580784,102.14206682549595,0.0,0.0
timber_semicircle_t1,88.8150542639295,867.6934223485791,93.25638606662243,16.94052636247192,19.522840052798223,180.8661413123467,2347.1269408030385,159.5796079669054,0.0,71.14199310972607
timber_semicircle_t2,8.506786403256399,305.99226570755263,4.279258009710082,0.0,3.0443293454552514,137.16868336054435,2639.951301523816,136.9111950518323,0.0,0.0
timber_semicircle_t3,0.0,0.0,0.0,0.0,6.870678888084759,153.5162992701857,2342.7956669836876,159.73406728703628,0.0,0.0
timber_semicircle_t4,5.161274314627979,112.5085938241296,12.097649241535834,0.0,2.4271006805046733,120.20055514330626,1657.4186875356602,155.2197850106222,0.0,0.0
timber_semicircle_t5,0.0,14.024971409246307,0.0,0.0,0.0,67.38939812017023,1167.6794515638242,57.84602967174734,0.0,0.0
timber_square_t1,0.0,0.0,0.0,0.0,0.0,63.21137466475116,1944.4468018061589,53.64583331405838,0.0,0.0
timber_square_t2,0.0,0.0,0.0,0.0,0.0,135.86565796162282,2110.9203827329316,136.03713212577583,0.0,0.0
timber_square_t3,7.262133150130616,125.15109343502164,3.008796928076071,0.0,0.0,102.2138803826978,1519.5242054895043,113.90249573739327,0.0,6.004991614382119
timber_square_t4,4.912791773621894,151.6585029543839,6.210610575982708,0.0,2.7088171624778887,81.43997163710405,1553.5750509526406,50.990395621690894,0.0,2.0479083987327167
timber_square_t5,8.615279227838665,189.7316313662111,2.697856816827016,0.0,0.0,90.82955589780838,1652.814897023092,112.4324549374239,0.0,2.783584368471701
timber_squiggle_t1,0.0,35.660701474829885,4.178104724784331,0.0,0.0,125.69530019881704,1581.9260057641936,181.4065227484134,0.0,4.1702292640358944
timber_squiggle_t2,0.0,2.064751801064719,0.0,0.0,3.0919666935340686,179.55809396238507,2268.293994548177,181.3049526471136,0.0,0.0
timber_squiggle_t3,0.0,4.237832361007217,2.9484425127344775,0.0,16.395967769622224,159.7800941474508,2073.313883298633,141.3081477484387,0.0,0.0
timber_squiggle_t4,0.0,59.35985561686573,0.0,0.0,16.893551500385918,62.482284694030675,1806.3753658226344,88.16556423687916,0.0,0.0
timber_squiggle_t5,0.0,0.0,0.0,0.0,0.0,116.31488528492727,1693.4967884534453,173.77213484636115,0.0,0.0
tin_pokemon_t1,0.0,128.57983209735534,0.0,0.0,6.023250862559898,264.85335339014813,5748.149235638491,267.02500692658134,0.0,0.0
tin_pokemon_t2,7.674710403478022,77.49435867244088,6.0823324994030665,0.0,2.1800525297570243,182.63524789668347,6297.666217870945,241.0707559283848,0.0,2.596439662306829
tin_pokemon_t3,0.0,61.554278700019125,0.0,0.0,7.248693763255243,168.89033585153584,5890.444282820185,216.92802423961672,0.0,0.0
tin_pokemon_t4,3.296504303425069,64.63071614074109,3.302312760536167,0.0,2.0974003952306672,195.66787665352967,6449.291633907937,201.66269399407412,2.111171430746447,9.75999551000691
tin_pokemon_t5,26.274059231500615,152.10837637437774,33.9168013224558,0.0,9.060134371040853,153.52912010472434,4629.312007639579,134.08298705782727,0.0,21.68328776217721
tin_poker_t1,2.8349174679344724,273.6497955485107,16.817002248982078,0.0,12.326470501372782,138.05184724061633,2208.240543604338,126.31190093965104,30.264416977770466,6.9214267473771365
tin_poker_t2,0.0,0.0,0.0,0.0,0.0,219.67988799828993,4604.864959602987,197.52061739799123,0.0,0.0
tin_poker_t3,8.187157342646799,259.9711887884838,9.878076605192428,0.0,0.0,123.64269804088286,2482.775637971843,161.69939314823668,0.0,11.246948361225762
tin_poker_t4,7.351471628734236,210.95782936587258,7.468711753972297,0.0,0.0,177.42463769606698,2591.272223300687,190.85169925521768,0.0,16.510962729517924
tin_poker_t5,6.576733717458349,131.66999167644087,2.049841331322988,0.0,0.0,197.39006478378977,2275.7662958601322,166.85627574482317,3.8814258887681983,8.205699769377594
tin_snack_depot_t1,0.0,0.0,0.0,0.0,0.0,171.27033735283416,2353.227514998696,120.02324745255952,0.0,0.0
tin_snack_depot_t2,0.0,0.0,0.0,0.0,11.758059059385301,141.46872174157403,3894.5038797731877,117.71584397774691,0.0,0.0
tin_snack_depot_t3,22.68843452007231,58.04622873198956,2.6797495671051053,2.0409712516348684,10.225322881821452,139.6478019642141,4226.499914507745,167.6759254619839,14.698485947328116,0.0
tin_snack_depot_t4,0.0,6.849057145943899,0.0,0.0,0.0,135.97268960341353,4541.664692465315,186.6981156804374,0.0,0.0
tin_snack_depot_t5,0.0,11.572501659413819,2.1519416610354476,2.991872323479062,7.729277313017848,82.24783971741064,3315.805642683566,98.99971009959462,0.0,0.0
tin_snowman_t1,2.030393747527804,288.9380418823688,2.1840768565050546,0.0,5.140002284879088,156.97710491714858,2615.3334688474542,220.62191239683023,0.0,0.0
tin_snowman_t2,0.0,0.0,0.0,0.0,0.0,153.02381529642474,2070.5063593653376,166.28604242897188,0.0,0.0
tin_snowman_t3,5.507089749402624,5.354233354884701,0.0,0.0,0.0,103.47486993279082,2464.8282560607586,165.36805184689482,0.0,0.0
tin_snowman_t4,0.0,52.47308207604167,4.284341851720051,0.0,0.0,178.08783234770289,2816.56773016912,227.67571257194425,0.0,0.0
tin_snowman_t5,0.0,0.0,0.0,0.0,0.0,107.45544334218314,1639.435637278456,106.22586645097125,0.0,0.0
tin_tea_t1,0.0,0.0,0.0,0.0,0.0,202.14953024524675,3229.456399982941,178.11801631985514,0.0,0.0
tin_tea_t2,0.0,0.0,0.0,0.0,0.0,108.29840597675084,2418.178131898782,159.01398531021988,0.0,0.0
tin_tea_t3,0.0,0.0,0.0,0.0,0.0,140.3863040857283,3213.5604016113098,187.67985756941994,0.0,0.0
tin_tea_t4,0.0,2.1617724297668337,0.0,0.0,0.0,92.44513769628871,2108.9917322238307,75.85088462658894,0.0,0.0
tin_tea_t5,0.0,0.0,0.0,0.0,4.5531769677446094,224.3491488048544,3584.438481042359,231.72433117787585,0.0,0.0
pvc_1_t1,0.0,0.0,0.0,0.0,0.0,122.19902418015333,1773.2651975295553,154.34361227616176,0.0,0.0
pvc_1_t2,0.0,0.0,0.0,0.0,0.0,124.99694338970261,1861.9728201037356,143.7240358566421,0.0,0.0
pvc_1_t3,0.0,37.50644293685557,0.0,0.0,2.6869907624003844,93.93711888871911,1268.5934864983208,107.28046677173828,0.0,0.0
pvc_1_t4,0.0,0.0,0.0,0.0,3.7981000307278103,149.04686476732567,1972.2655306069098,161.1087103991387,0.0,0.0
pvc_1_t5,2.3028634107128454,3.2266696639104535,0.0,0.0,0.0,100.94248620219534,1423.556919192234,134.98673151765166,0.0,0.0
pvc_2_t1,0.0,0.0,0.0,0.0,0.0,124.56601962083451,2012.1730040218401,153.93773932890832,0.0,0.0
pvc_2_t2,0.0,0.0,0.0,0.0,3.915500275623027,144.830494804334,1548.9325705433243,139.7693071454677,0.0,0.0
pvc_2_t3,0.0,0.0,0.0,0.0,0.0,147.63187397816807,1910.2072615583006,227.08453845732592,0.0,0.0
pvc_2_t4,0.0,0.0,0.0,0.0,3.1699335641145545,77.21625541200159,1653.7838340286698,105.27767314375595,0.0,0.0
pvc_2_t5,0.0,0.0,0.0,0.0,0.0,155.91931143505562,1903.7086723354691,176.22970408651082,0.0,0.0
pvc_3_t1,0.0,0.0,0.0,0.0,0.0,113.79595827052768,1628.639161471642,131.7686650462489,0.0,0.0
pvc_3_t2,0.0,0.0,0.0,0.0,0.0,82.77153880234881,1604.5329557757584,95.2974725203594,0.0,0.0
pvc_3_t3,3.3214323095465907,0.0,3.3210103061568477,0.0,0.0,139.93058049349344,2248.5366629392074,122.91770644072581,0.0,0.0
pvc_3_t4,0.0,0.0,0.0,0.0,0.0,169.12873915593389,1544.6997074292194,111.84282380397123,0.0,0.0
pvc_3_t5,5.342671116585785,135.69351520296107,29.780989449055358,0.0,0.0,120.5161072412796,2049.3473045789747,155.0869905821406,0.0,11.908660129368613
pvc_4_t1,0.0,0.0,0.0,0.0,3.0699681068675617,139.30337265006986,1812.756662283741,150.0935989889071,0.0,0.0
pvc_4_t2,0.0,0.0,0.0,0.0,0.0,83.67080101258419,1502.2634093203878,97.49820064459826,0.0,0.0
pvc_4_t3,0.0,0.0,0.0,0.0,11.315802538004284,106.24256354161245,2511.3375664124305,143.46531451150892,0.0,0.0
pvc_4_t4,0.0,0.0,0.0,0.0,0.0,171.67173218279666,2901.493621814353,178.43375173086417,0.0,0.0
pvc_4_t5,0.0,0.0,0.0,0.0,0.0,122.83832694334542,2864.3991139222817,151.01490027569827,0.0,0.0
pvc_5_t1,0.0,0.0,0.0,0.0,0.0,122.82762763525727,4239.922470554471,142.01555485828862,0.0,0.0
pvc_5_t2,0.0,0.0,0.0,0.0,0.0,125.91791119304439,2672.9951672315524,147.57920421463305,0.0,0.0
pvc_5_t3,0.0,0.0,0.0,0.0,0.0,118.34925217438958,2600.821295127551,111.83645344458706,0.0,0.0
pvc_5_t4,0.0,0.0,0.0,0.0,0.0,172.5145634701212,4125.07176949524,204.5469101844623,0.0,0.0
pvc_5_t5,0.0,0.0,0.0,0.0,0.0,170.8600154919685,3114.581780121662,176.48497828930357,0.0,0.0
smallstuffedanimal_bunny_t1,0.0,0.0,0.0,0.0,0.0,142.3314850723286,2777.5041100742465,122.47539819138525,2.063489843953684,0.0
smallstuffedanimal_bunny_t2,34.66502668178282,607.2232630230916,21.26646021344261,0.0,3.68441359053242,172.93347347583332,2420.3280635866736,199.53051947134236,0.0,0.0
smallstuffedanimal_bunny_t3,0.0,10.0576313452667,0.0,0.0,0.0,132.16260167814704,2800.8806693261636,149.74822859493062,0.0,0.0
smallstuffedanimal_bunny_t4,0.0,0.0,0.0,0.0,0.0,100.39695929450833,2143.0631415392168,94.64051768000465,0.0,0.0
smallstuffedanimal_bunny_t5,0.0,0.0,0.0,0.0,0.0,201.04898062787282,2418.407883679294,212.2044370534467,0.0,0.0
smallstuffedanimal_chick_t1,2.2233311269354368,5.011267328360469,0.0,0.0,0.0,227.93473255505322,3727.0707828594313,226.92783856690863,0.0,0.0
smallstuffedanimal_chick_t2,4.437409175138123,185.8574140893778,2.332104150761711,0.0,0.0,150.7311890338794,2308.5483362446535,153.4001963227146,0.0,0.0
smallstuffedanimal_chick_t3,24.34749109122062,232.4661748713163,2.1625213695871306,0.0,9.499876091698454,196.8444778111993,3335.354377090498,266.81696411742183,8.917889136160555,2.020942830091935
smallstuffedanimal_chick_t4,21.155471039364844,91.519970608378,16.911468064326503,0.0,0.0,168.6685450313786,3366.7847995589536,172.1125993122566,12.542177516378485,6.540590777651281
smallstuffedanimal_chick_t5,5.188828310017707,19.741426865303445,4.931640527106772,0.0,7.721485597224131,164.32445562846425,2937.972412183934,176.35078160658244,0.0,0.0
smallstuffedanimal_headband_bear_t1,0.0,16.37522853873589,0.0,0.0,2.912153572298171,171.97680773785197,2450.4576150593643,183.8617679090631,0.0,0.0
smallstuffedanimal_headband_bear_t2,0.0,0.0,0.0,0.0,7.203601695343792,113.78050335642422,2084.6457755268984,140.4617228951909,3.115140382069482,0.0
smallstuffedanimal_headband_bear_t3,0.0,0.0,0.0,0.0,9.70729850527828,240.4290619887447,3811.2847598182516,177.70830448492663,0.0,0.0
smallstuffedanimal_headband_bear_t4,0.0,4.080635577946161,0.0,0.0,0.0,159.91538804804324,5031.391238797522,173.40713813134587,0.0,0.0
smallstuffedanimal_headband_bear_t5,0.0,38.76909792562705,0.0,0.0,5.695966373875974,141.5258129028716,2223.4737825185016,169.09023778786556,0.0,0.0
smallstuffedanimal_moose_t1,0.0,10.399420209325132,0.0,0.0,2.5328899026686886,254.22136372244165,4377.220435995406,150.9060170159338,0.0,0.0
smallstuffedanimal_moose_t2,41.57233455280302,344.19293806317967,2.614034841026416,0.0,8.154312945266698,154.48418648282137,2771.1254066974984,146.03887073365408,0.0,0.0
smallstuffedanimal_moose_t3,6.7310138967196025,84.56008496792849,0.0,0.0,2.0825139623639983,140.38140311190745,2326.655105993924,108.35994389104165,0.0,0.0
smallstuffedanimal_moose_t4,2.5985315545515317,103.85041602333317,2.419094644882668,2.5604573282911787,35.09069105777678,252.0162810879767,5332.933827299552,225.45507960261702,8.955317695047968,0.0
smallstuffedanimal_moose_t5,0.0,18.716182771608544,0.0,0.0,0.0,172.01973337844532,2196.1697231307407,182.1617042120967,0.0,0.0
smallstuffedanimal_otter_t1,0.0,19.321248190656465,0.0,2.111411935175133,0.0,185.84884285090578,3070.589725384761,155.40851238697292,0.0,0.0
smallstuffedanimal_otter_t2,2.2855775541783747,3.2377788080719783,4.571207750361602,0.0,7.467701726446554,100.76684013712328,1955.339238223342,129.49915894122398,0.0,0.0
smallstuffedanimal_otter_t3,0.0,0.0,0.0,0.0,6.566522553174495,150.4087283985479,1787.9313436487323,121.06461183892458,0.0,0.0
smallstuffedanimal_otter_t4,0.0,10.687581484201997,0.0,0.0,0.0,96.68973573256237,2017.9083789685706,121.97507371726309,0.0,0.0
smallstuffedanimal_otter_t5,0.0,0.0,0.0,0.0,0.0,140.4649956868721,2743.68557797284,119.4349761636723,0.0,0.0
metal_mix_covered_cup_t1,4.442341823027251,35.59091653131183,0.0,0.0,31.61818915246826,97.7774424772893,1770.4084063202781,138.04233079093711,8.194720791666153,0.0
metal_mix_covered_cup_t2,2.515724650692122,46.224091165519226,2.5158019879155833,0.0,2.851205980709217,99.39522107899188,1203.289256054787,103.89416536227823,3.8383562484480254,2.7252254750754115
metal_mix_covered_cup_t3,0.0,0.0,0.0,0.0,2.7876461953813294,121.7775055185863,1979.3232040399098,146.32616473865534,0.0,0.0
metal_mix_covered_cup_t4,0.0,37.99386735077426,0.0,0.0,0.0,94.70150572522368,1268.4499556460842,113.39130871020427,0.0,2.1343802308867086
metal_mix_covered_cup_t5,0.0,0.0,0.0,0.0,0.0,93.03998825293756,1845.0277572192542,124.51100740597076,0.0,0.0
metal_tea_jar_t1,0.0,0.0,0.0,0.0,0.0,140.92868774107936,2622.3743022192966,169.28963928475167,0.0,0.0
metal_tea_jar_t2,0.0,0.0,0.0,0.0,3.1237031031147953,148.63685080317546,3676.8145617441805,183.7563242319333,0.0,0.0
metal_tea_jar_t3,0.0,0.0,0.0,0.0,2.4756017200823903,161.5153747710997,3076.103342651351,211.79503188120225,0.0,0.0
metal_tea_jar_t4,0.0,0.0,0.0,0.0,0.0,130.44753632217584,2982.948553747239,113.46103729832807,0.0,0.0
metal_tea_jar_t5,0.0,0.0,0.0,0.0,0.0,144.5721757453507,2371.108883379161,145.13846126675463,0.0,0.0
metal_thermos_t1,0.0,0.0,0.0,0.0,0.0,101.74344148682027,2494.036466294961,119.10044392732814,0.0,0.0
metal_thermos_t2,0.0,2.708005945340593,0.0,0.0,2.0670597626822502,143.21100939739367,2553.725999628327,147.86893241785833,0.0,0.0
metal_thermos_t3,0.0,0.0,0.0,0.0,5.1111377778044975,108.45791376146127,2115.940201495833,129.42836971071884,0.0,0.0
metal_thermos_t4,2.039783682746776,11.80717710855408,2.0306580346894947,0.0,0.0,192.93647927431925,2272.7913566046986,189.21205565166105,0.0,0.0
metal_thermos_t5,0.0,4.3728422107366285,0.0,0.0,0.0,115.62084898467019,2256.7591373103587,109.55930323054343,0.0,0.0
metal_flower_cylinder_t1,0.0,0.0,0.0,0.0,5.282058388324021,168.5964529046448,2745.6112704202837,156.77194112186478,0.0,0.0
metal_flower_cylinder_t2,18.394225376411885,49.48228025771868,7.769895482042227,0.0,7.991833313982381,170.11347928793987,3218.704164712983,191.29737628751965,0.0,0.0
metal_flower_cylinder_t3,5.068802929707812,162.2543335670296,32.404400276119944,0.0,2.4824383688631633,157.8460388775666,2474.0817867154,180.23814861112177,0.0,30.890714248678577
metal_flower_cylinder_t4,9.61483964264317,129.4271685553685,7.629376418944899,0.0,28.455230509928978,186.47080293396917,2942.4330083786117,169.61058801214162,0.0,0.0
metal_flower_cylinder_t5,45.326487068928415,208.65517176339188,23.092574939285885,0.0,0.0,158.8812223230146,2218.3354612629855,161.76286368961982,0.0,2.5631178719600474
metal_food_can_t1,0.0,0.0,0.0,0.0,2.1461000445369103,159.02569504110772,2519.1771757532347,153.99851703652647,0.0,0.0
metal_food_can_t2,0.0,2.425376259469858,0.0,0.0,0.0,176.93536628870672,2686.3077831908663,224.16306009337873,0.0,0.0
metal_food_can_t3,0.0,0.0,0.0,0.0,0.0,105.33328383853016,2010.6874734781304,94.5385152948653,0.0,0.0
metal_food_can_t4,0.0,0.0,0.0,0.0,0.0,143.11296216616557,2185.397464295425,122.1095907602411,0.0,0.0
metal_food_can_t5,0.0,0.0,0.0,0.0,0.0,159.6328170146443,2466.344766900091,152.81769137918255,0.0,0.0
noodle_1_t1,0.0,0.0,0.0,0.0,18.616721018173397,115.65798825108752,2143.639420747702,149.18669154816038,0.0,0.0
noodle_1_t2,0.0,0.0,0.0,0.0,0.0,136.40399955501184,1840.557342141714,82.03710511513198,0.0,0.0
noodle_1_t3,0.0,0.0,0.0,0.0,0.0,79.19204349448577,2166.1429399592234,154.4619875572611,0.0,0.0
noodle_1_t4,0.0,0.0,0.0,0.0,0.0,158.1625145120781,2035.7641400650941,166.69153196139828,0.0,0.0
noodle_1_t5,0.0,0.0,0.0,0.0,0.0,124.14485935077849,2275.6598907407956,118.00014038885979,0.0,0.0
noodle_2_t1,40.95534094530706,380.7722879598573,2.79914095802623,0.0,0.0,78.45366653175009,2291.822940948096,52.66556178559049,0.0,4.494760492180307
noodle_2_t2,0.0,0.0,0.0,0.0,0.0,85.7783446393615,2229.298064584078,152.22713413811672,0.0,0.0
noodle_2_t3,2.4481602888699916,74.64380820984533,0.0,0.0,2.011688528301536,139.68913410623327,2275.932335547936,142.1871176449357,6.036370304342563,0.0
noodle_2_t4,0.0,6.241179018788355,0.0,4.452838612802756,0.0,134.39247569496652,2630.3206625549906,159.29459378967613,2.8662452808508903,0.0
noodle_2_t5,13.32733510982494,353.9827147852834,2.689824727821499,5.34226955700174,19.492382142575053,166.82844646988192,3625.842499885719,184.03517196994932,0.0,8.04830969734792
noodle_3_t1,2.838341603824318,86.04395899252289,2.3130034449606858,0.0,0.0,147.2833554773665,2036.7500688224065,146.11085477259778,0.0,2.090950032879791
noodle_3_t2,4.207025389234803,186.912841466541,2.169056626738915,0.0,0.0,151.21022677356487,5082.771258145762,223.7021014812594,0.0,0.0
noodle_3_t3,17.797345949413394,270.8922411137521,6.826194415031658,0.0,0.0,125.34389773315323,2950.5223619280373,145.07704734369494,0.0,0.0
noodle_3_t4,2.5689406641043697,3.5499588842689436,2.5103577682744747,0.0,17.846011536781887,183.94393248098902,5341.912136443479,135.09739630893944,0.0,0.0
noodle_3_t5,0.0,0.0,0.0,0.0,2.6041015578088653,149.8136754846453,4609.222999642732,151.44381893388365,0.0,0.0
noodle_4_t1,9.804042813112304,231.30126183834957,32.06132308842887,0.0,0.0,191.08489944417062,2636.370381863191,176.2403533754078,0.0,0.0
noodle_4_t2,46.31767567569169,484.2335927606895,31.495375600113093,0.0,3.0926753607354267,176.5131563427409,2889.764348039338,106.78833424002092,0.0,2.966146031823113
noodle_4_t3,18.81229486487084,282.38339031636485,2.357317839006866,0.0,0.0,175.0416033426484,3102.437652143131,97.20465993987271,0.0,0.0
noodle_4_t4,35.096224490558576,375.19939700935373,4.625800268629432,0.0,0.0,100.42724006333279,2146.05228045304,102.73400520176168,0.0,0.0
noodle_4_t5,0.0,0.0,0.0,0.0,9.891151364738882,251.48191565250465,4673.215364124934,153.40625500100543,0.0,0.0
noodle_5_t1,0.0,0.0,0.0,0.0,2.0269179836803684,214.5125197792534,4303.595315691965,194.39459792703877,0.0,0.0
noodle_5_t2,0.0,0.0,0.0,0.0,3.4616652930201095,207.34072392023094,4131.140684463855,156.57789951682804,0.0,0.0
noodle_5_t3,0.0,4.540229942830223,0.0,0.0,6.73385430396806,151.31122881323503,4447.74167118434,214.45484085335724,0.0,0.0
noodle_5_t4,0.0,219.7701936298408,3.8934412933033933,0.0,19.727802759956766,231.41009829958867,6264.622561866935,313.900049887399,7.359887569267361,4.078131199458889
noodle_5_t5,16.426771740228993,174.73829222726874,2.119911856878969,0.0,3.4640001807714746,157.59076549127101,5062.687971424819,237.86584634910827,0.0,4.551663898384593
pasta_cremette_t1,0.0,0.0,3.061934508504223,0.0,0.0,106.32950297004787,2677.567483571916,94.07947154287702,0.0,3.062085493518429
pasta_cremette_t2,0.0,2.142957811063951,0.0,0.0,0.0,142.97158655351265,2764.3691969631313,148.60409884274418,0.0,0.0
pasta_cremette_t3,2.7972828798834417,3.9558381766700217,2.797255306206425,0.0,0.0,123.39163327091492,1873.7761021287652,123.30011753271303,0.0,0.0
pasta_cremette_t4,0.0,3.4303164168921794,0.0,0.0,0.0,82.68488625342162,1112.9314688731956,73.58053938909195,0.0,2.4256266623553184
pasta_cremette_t5,0.0,0.0,0.0,0.0,0.0,112.28655388436906,2462.496619517403,138.17893288485632,0.0,0.0
pasta_macaroni_t1,7.2749512528919205,267.3246469756517,21.896465734347462,2.369146363144329,8.507441563453147,117.11674550122872,1290.438158489266,94.67046974718231,2.5049137510102018,10.62907971730338
pasta_macaroni_t2,0.0,7.566820185520467,2.663913904870801,0.0,2.947831466620845,152.72774790123052,1808.390891364755,146.82624112851897,0.0,0.0
pasta_macaroni_t3,0.0,2.014144883070729,0.0,0.0,0.0,130.583552993578,1808.5617982713368,109.09370657314416,0.0,0.0
pasta_macaroni_t4,0.0,0.0,0.0,0.0,6.707417572126223,88.03905451671021,1999.512012476403,100.40410148187725,0.0,0.0
pasta_macaroni_t5,0.0,0.0,0.0,0.0,3.078403362688199,182.80581845706806,2506.4046856652344,156.04569944107416,0.0,0.0
pasta_penne_t1,49.32076317769638,140.79776773806904,14.994303228653504,0.0,0.0,101.77922509035008,2485.3511713149533,143.29905375680954,0.0,2.4477066117075066
pasta_penne_t2,8.271481536347956,8.846917924113928,8.25230401329204,0.0,7.2648078813076715,97.18651341292916,2617.3661323728415,158.02210897660515,0.0,2.4946514876631567
pasta_penne_t3,0.0,90.08471658301498,0.0,0.0,0.0,137.6281259510254,2989.88020632425,193.35839643967023,0.0,0.0
pasta_penne_t4,34.32081599777917,473.637281814146,34.061731243757336,0.0,2.204521135349101,135.65174743019585,1999.567917026061,113.97547287833203,0.0,0.0
pasta_penne_t5,5.529552221746506,46.24296838473837,0.0,0.0,18.82179718102707,66.98899840291445,2277.843174400812,92.10891020054503,0.0,0.0
pasta_rotini_t1,0.0,0.0,0.0,0.0,6.153143963642975,106.21591516733211,2482.1290409372414,123.9422092244169,0.0,0.0
pasta_rotini_t2,0.0,0.0,0.0,0.0,0.0,250.6169855960458,4348.270815375927,283.96220107376513,0.0,0.0
pasta_rotini_t3,8.087188180341407,53.76000427968273,0.0,0.0,0.0,165.79204073293891,4466.11399054095,239.77047857544977,0.0,0.0
pasta_rotini_t4,0.0,0.0,0.0,0.0,3.1133325620448904,148.25536529673042,2794.0649059963675,149.0287683134206,0.0,0.0
pasta_rotini_t5,0.0,0.0,0.0,0.0,0.0,81.53983597667641,2989.2693752010086,109.86114505120395,0.0,0.0
egg_rough_styrofoam_t1,21.381991190942852,429.8713420099483,6.450060437183968,0.0,0.0,181.38054487794267,2045.395096881846,176.54093733434195,0.0,2.1354662960056285
egg_rough_styrofoam_t2,9.030161320639984,64.7022529054125,4.546098913795459,0.0,11.323320625411686,298.63204723826385,3324.78334895037,328.75033953883116,4.395067551500894,0.0
egg_rough_styrofoam_t3,37.09973415895623,908.5381370001954,20.991784234834398,0.0,0.0,143.39335654109803,2335.9920816195017,199.66253579085284,0.0,0.0
egg_rough_styrofoam_t4,16.022573743777407,70.32917242570073,10.795875316152765,0.0,6.695778288097252,159.21431936861475,2296.796299782367,176.38101078018838,0.0,6.396169278492005
egg_rough_styrofoam_t5,27.571230145964307,677.434882887183,13.030508108229409,0.0,0.0,115.26398774902015,2283.031862455781,197.6474694588067,0.0,0.0
egg_smooth_styrofoam_t1,2.5528331442732406,16.702729188924174,0.0,0.0,0.0,231.77746710503814,2604.112715290667,191.88045420938613,0.0,0.0
egg_smooth_styrofoam_t2,16.06750109662378,419.87754834794316,0.0,0.0,0.0,172.47346852826706,2480.419959185075,183.89300053976172,0.0,0.0
egg_smooth_styrofoam_t3,57.28910874619733,748.6319510043679,37.233240008161104,0.0,0.0,110.1417617145427,1851.1718631636095,130.3378743142444,0.0,4.176804270478211
egg_smooth_styrofoam_t4,0.0,42.84446670389958,0.0,0.0,17.982257256650982,196.46447008796238,2207.752227940316,185.89330101630165,0.0,0.0
egg_smooth_styrofoam_t5,61.15830600040879,1036.7984451235457,56.64630368578989,0.0,0.0,159.45666649830406,1745.0614367691342,156.1752765811694,0.0,0.0
egg_wood_t1,0.0,0.0,0.0,0.0,22.42813820876069,223.39269129201153,2819.420184910678,179.01485993242719,0.0,0.0
egg_wood_t2,0.0,0.0,0.0,0.0,0.0,335.63850684540404,4039.713842425355,381.1788395630103,0.0,0.0
egg_wood_t3,8.583220730350185,82.79356122335447,3.251276482260468,0.0,21.437775915947686,201.12694755301916,3148.4294226615466,181.849536384965,0.0,6.360078552982631
egg_wood_t4,0.0,0.0,0.0,0.0,0.0,432.65792177176775,4354.918573189565,334.5879094543642,0.0,0.0
egg_wood_t5,2.2728725753990258,10.41544498807928,0.0,0.0,2.0168560704247094,352.68842403435684,4011.252305655127,325.0043405755358,0.0,0.0
medicine_ampicillin_t1,0.0,0.0,0.0,0.0,0.0,123.02827329463652,1499.1891792946155,137.77403203177622,0.0,0.0
medicine_ampicillin_t2,0.0,0.0,0.0,0.0,0.0,95.27969266938919,2020.5603279470886,120.74396803781582,0.0,0.0
medicine_ampicillin_t3,0.0,0.0,0.0,0.0,0.0,122.04490393657893,1737.7015810049559,186.48454026047838,0.0,0.0
medicine_ampicillin_t4,0.0,0.0,0.0,0.0,2.0622332978984215,98.47949104051088,2462.7298120794594,183.3140612312725,0.0,0.0
medicine_ampicillin_t5,0.0,0.0,0.0,0.0,0.0,116.29813064422093,2063.666494414304,149.7576373438461,0.0,0.0
medicine_aspirin_t1,0.0,0.0,0.0,0.0,0.0,120.28528153675293,1577.1668115450598,118.00371410477527,0.0,0.0
medicine_aspirin_t2,28.089279372308646,249.65501311626167,16.62686190138137,0.0,0.0,125.3202101513632,1810.544219955878,133.12043259212132,0.0,0.0
medicine_aspirin_t3,0.0,6.128098299354699,0.0,0.0,0.0,93.95882284681032,1444.067587796164,83.30028320109923,0.0,0.0
medicine_aspirin_t4,0.0,0.0,0.0,0.0,9.455601039736074,99.39480884882182,1787.5950294980867,138.19414289441195,0.0,0.0
medicine_aspirin_t5,0.0,0.0,0.0,0.0,0.0,75.14113644080834,1043.5062790249822,87.57947159506469,0.0,0.0
medicine_bilberry_extract_t1,0.0,0.0,0.0,0.0,3.5811134898386507,155.0614860331833,1696.5112950711848,162.46711586142303,0.0,0.0
medicine_bilberry_extract_t2,0.0,0.0,0.0,0.0,5.809817105276757,102.31220866223157,1876.3153888134532,98.51430870072014,0.0,0.0
medicine_bilberry_extract_t3,0.0,0.0,0.0,0.0,2.5656840166554025,116.74014596031432,1638.0625326725144,171.79046416315776,0.0,0.0
medicine_bilberry_extract_t4,0.0,0.0,0.0,0.0,0.0,80.08644578077913,2405.2174991745683,192.20437969364758,0.0,0.0
medicine_bilberry_extract_t5,0.0,0.0,0.0,0.0,0.0,111.28073445056168,1920.4762451356726,174.67701162237924,0.0,0.0
medicine_calcium_t1,0.0,0.0,0.0,0.0,3.1954120494687515,158.22721386343042,1904.9764679601597,179.11631425168196,0.0,0.0
medicine_calcium_t2,0.0,0.0,0.0,0.0,0.0,115.95068885167757,1986.4987338500036,124.63033808142055,0.0,0.0
medicine_calcium_t3,0.0,0.0,0.0,0.0,0.0,96.85213295957415,1100.720110509869,121.55640196161956,0.0,0.0
medicine_calcium_t4,0.0,0.0,0.0,0.0,2.503935473147022,96.48408012995317,1901.0654943869115,134.89012609031678,0.0,0.0
medicine_calcium_t5,0.0,0.0,0.0,0.0,0.0,109.02796496684223,1832.4266719832144,105.3171967628336,0.0,0.0
medicine_flaxseed_oil_t1,2.677902107994241,0.0,0.0,0.0,8.339641197771888,93.06846648307896,2106.451796622678,176.6964144331845,0.0,0.0
medicine_flaxseed_oil_t2,0.0,0.0,0.0,0.0,0.0,128.4399662936995,1764.6934954982046,122.18810590649245,0.0,0.0
medicine_flaxseed_oil_t3,0.0,0.0,0.0,0.0,0.0,140.75492306169656,2386.313778326271,178.66834873002105,0.0,0.0
medicine_flaxseed_oil_t4,0.0,0.0,0.0,0.0,8.072727274693714,127.06461499677998,2567.7387818413386,117.23849199990629,0.0,0.0
medicine_flaxseed_oil_t5,0.0,0.0,0.0,0.0,18.137164708642757,139.02981782013688,1654.1311912737438,170.09016044692063,0.0,0.0
pasta_pipette_t1,0.0,91.08566131114853,16.648339634353974,5.5166054702959375,14.429898327481014,243.7290120987457,3606.124577948559,214.15596803848536,9.46120891516238,10.055843356069094
pasta_pipette_t2,3.3551354939107902,20.540582676045403,0.0,3.822658689969587,11.343192546675176,202.9291983186519,3232.5162931347404,165.0964628942092,3.850624159795396,0.0
pasta_pipette_t3,12.616751717195845,79.49161748356174,5.5185100733978025,0.0,8.352643266961332,196.47612267774107,4272.698471432199,158.6819284540051,7.982504387180063,15.239896291241564
pasta_pipette_t4,17.12716837250015,33.67790865703125,0.0,7.925566766432569,0.0,152.68901450015406,2537.3712185655854,139.7412505584393,3.8761054294226827,0.0
pasta_pipette_t5,0.0,25.154269819024314,0.0,0.0,4.621204522503959,176.54705062912203,3313.8052039375043,147.87938755835987,0.0,0.0
cup_paper_green_t1,0.0,0.0,0.0,0.0,7.554635064819764,124.7527088020291,2569.0718918482544,191.17808992900376,0.0,0.0
cup_paper_green_t2,0.0,0.0,0.0,0.0,0.0,173.8176574713979,2674.9521915797873,133.463048519366,0.0,0.0
cup_paper_green_t3,0.0,0.0,0.0,0.0,0.0,158.02063050483576,1893.644639996328,164.9341390460082,0.0,0.0
cup_paper_green_t4,0.0,167.54669942652149,17.366117339526795,0.0,0.0,64.54242757631741,1191.9663803061233,67.97728586949786,0.0,14.905980876171743
cup_paper_green_t5,21.336801708963538,123.51670550035278,15.882921138975863,0.0,2.5155196799985804,67.33687384139951,1593.2405568414192,54.97155198893209,0.0,9.378592824373634
cup_yellow_t1,0.0,0.0,0.0,0.0,0.0,97.72379114055657,865.2127064008922,52.0105913940814,0.0,0.0
cup_yellow_t2,0.0,0.0,0.0,0.0,0.0,94.51306062858372,1591.8811447356359,125.50695854773002,0.0,0.0
cup_yellow_t3,0.0,0.0,0.0,0.0,31.908608282003396,30.82588596648132,1294.0011599011607,58.88198593582636,0.0,0.0
cup_yellow_t4,0.0,0.0,0.0,0.0,6.628402023143719,69.492773828494,1209.135831729849,103.14047608037727,0.0,0.0
cup_yellow_t5,0.0,0.0,0.0,0.0,0.0,62.985013867862676,1381.54983182113,101.22392170052767,0.0,0.0
cup_blue_t1,0.0,0.0,0.0,0.0,6.9462177532823475,92.17744576753026,1943.3777771160853,60.64716525835937,0.0,0.0
cup_blue_t2,11.982744372106328,105.12641493576818,5.949129711736356,0.0,0.0,81.6278008488765,1126.2987675750844,87.38172080508414,0.0,0.0
cup_blue_t3,0.0,0.0,0.0,0.0,3.3108017687770572,89.06316807973118,1032.9550875093926,61.319933029766766,0.0,0.0
cup_blue_t4,0.0,0.0,0.0,0.0,2.833977806899694,165.1562415219907,2733.9990920173796,164.4537428570172,2.385802611281998,0.0
cup_blue_t5,0.0,0.0,0.0,0.0,0.0,95.28329722211795,1735.2100241852677,73.35358140502588,0.0,0.0
cup_isu_t1,14.455220335201883,74.80518702283308,4.633662749352301,0.0,0.0,182.00043326323166,2190.660262411645,133.07121403435355,0.0,0.0
cup_isu_t2,0.0,0.0,0.0,0.0,0.0,193.42330800993514,2963.6189568390614,124.17434078322034,0.0,0.0
cup_isu_t3,0.0,0.0,0.0,0.0,4.082297381476391,139.33003341426712,2082.921683680346,139.41377577670923,0.0,0.0
cup_isu_t4,0.0,4.0650510220021605,0.0,0.0,0.0,62.28840673619623,1500.1263987873376,60.0983243540495,0.0,0.0
cup_isu_t5,0.0,0.0,2.106052872104592,0.0,3.662324712544752,155.3520865478045,2148.90450331406,127.455314374087,0.0,0.0
cup_metal_t1,0.0,2.761393401889705,0.0,0.0,3.243944733699389,153.64243888690453,2042.5274795366167,110.511258960616,0.0,0.0
cup_metal_t2,0.0,0.0,0.0,0.0,0.0,73.05167080512058,1413.7450517374016,77.2693629315433,0.0,0.0
cup_metal_t3,0.0,6.7565505485154365,0.0,0.0,0.0,56.97775915644554,1131.7831097693445,91.8967533458233,0.0,0.0
cup_metal_t4,0.0,2.521401360354991,0.0,0.0,7.342587029547092,165.437025111352,1792.5140903291265,96.59923216096485,0.0,0.0
cup_metal_t5,0.0,4.378405189107102,0.0,0.0,0.0,59.87828873431057,1237.746881104478,69.74814466485806,0.0,0.0
eggcoloringcup_blue_t1,0.0,0.0,0.0,0.0,0.0,144.0541936589746,1927.5349506470566,153.57085942880983,0.0,0.0
eggcoloringcup_blue_t2,0.0,0.0,0.0,0.0,9.545598768252958,187.1860867062548,2245.8076273019915,172.7983393542892,0.0,0.0
eggcoloringcup_blue_t3,0.0,0.0,0.0,0.0,3.003157288404988,107.66435988702356,2049.9332313570776,112.07954385316853,0.0,0.0
eggcoloringcup_blue_t4,4.544102104926781,164.69783056134952,11.284102963758391,0.0,13.275623092899336,106.50681743562671,2159.111047551653,190.1092006229266,0.0,10.523468837974496
eggcoloringcup_blue_t5,0.0,0.0,0.0,0.0,21.651828305275735,109.6429120674067,2784.713256226037,169.61007040917025,0.0,0.0
eggcoloringcup_green_t1,0.0,0.0,0.0,0.0,2.549548107881277,164.80744086764204,1540.3666900070689,146.05741062403277,0.0,0.0
eggcoloringcup_green_t2,0.0,0.0,0.0,0.0,0.0,121.82330481893189,2995.7537796998836,197.23510848713133,0.0,0.0
eggcoloringcup_green_t3,0.0,0.0,0.0,0.0,6.326074765033329,114.9781093501435,1925.88266647704,135.68698280376466,0.0,0.0
eggcoloringcup_green_t4,0.0,0.0,0.0,0.0,0.0,158.12400584197428,3620.864611873924,194.85840623501713,0.0,0.0
eggcoloringcup_green_t5,0.0,0.0,0.0,0.0,0.0,135.18474774086758,2363.0470648089954,152.1051016991393,0.0,0.0
eggcoloringcup_orange_t1,0.0,57.08027731655385,0.0,0.0,10.120360351920711,108.89427888698036,1655.5213113926036,116.15524062052236,0.0,0.0
eggcoloringcup_orange_t2,6.736724356594973,140.80682524142284,6.356443161148242,0.0,2.5709046608035004,125.15431242406724,2586.6439860854316,181.96256054429657,0.0,6.299241551792666
eggcoloringcup_orange_t3,4.711365323007962,8.569052997383512,0.0,0.0,0.0,88.51558898373527,1930.6036994031929,98.4216643098468,0.0,0.0
eggcoloringcup_orange_t4,0.0,0.0,0.0,0.0,0.0,185.92150437321715,2078.7032159077216,139.10822726979967,0.0,0.0
eggcoloringcup_orange_t5,0.0,0.0,0.0,0.0,0.0,96.40675057512391,2424.357507892384,140.41640649185948,0.0,0.0
eggcoloringcup_pink_t1,2.17743532165711,3.05710545778192,2.174427349073774,0.0,4.456307929396262,173.84478191864966,1864.7112764214644,152.3261379820939,0.0,0.0
eggcoloringcup_pink_t2,6.8593345160023595,116.17677918135952,26.076302090042624,0.0,0.0,152.03267989719512,3092.6650766190946,145.45997740110306,0.0,3.693414084556456
eggcoloringcup_pink_t3,6.894685446039543,85.76672956302035,4.045787476909243,0.0,0.0,123.21900930580892,1968.4121873053919,165.61092900130672,0.0,0.0
eggcoloringcup_pink_t4,0.0,0.0,0.0,0.0,0.0,156.86213620667186,3421.878884098017,187.4561541311686,0.0,0.0
eggcoloringcup_pink_t5,0.0,0.0,0.0,0.0,3.3121186387114823,135.1823981493848,2421.553206800668,97.45585313918356,0.0,0.0
eggcoloringcup_yellow_t1,0.0,0.0,0.0,0.0,0.0,144.9475148938348,1815.8119380663827,139.15964412419558,0.0,0.0
eggcoloringcup_yellow_t2,0.0,0.0,0.0,0.0,0.0,137.3178563575168,1995.9321886916139,108.07776898909528,0.0,0.0
eggcoloringcup_yellow_t3,0.0,0.0,0.0,0.0,6.925501766685095,125.6626385500723,1993.3544227939342,180.65881006627103,0.0,0.0
eggcoloringcup_yellow_t4,0.0,0.0,0.0,0.0,0.0,125.71945874141701,2129.3331033228665,163.29500413474298,0.0,0.0
eggcoloringcup_yellow_t5,0.0,0.0,0.0,0.0,0.0,145.64356902636732,2276.5594521329926,155.31723140939928,0.0,0.0
egg_cardboard_t1,47.545057957367185,813.0787739810438,9.687501078131845,0.0,0.0,132.2393413954355,2054.632060222802,96.76386425418693,0.0,7.644847190503141
egg_cardboard_t2,24.1403189324074,273.9774117789439,27.313756681285152,0.0,11.834802573183165,140.03149548596514,1908.9322191914298,104.57279263805232,0.0,4.914622628888007
egg_cardboard_t3,162.57466733321706,1349.7015707942244,131.71856448382226,0.0,2.601928632168838,217.8600795466846,1909.2124092631293,172.46692941136328,0.0,0.0
egg_cardboard_t4,27.51578654209637,487.0192759427661,2.3514980417854914,0.0,2.0818750227321523,217.66160708624102,2891.7834902921695,185.18177884478382,0.0,0.0
egg_cardboard_t5,0.0,0.0,0.0,0.0,2.0360055829550174,358.5718402865347,3470.725426583851,354.84266870081007,0.0,0.0
egg_plastic_wrap_t1,0.0,0.0,0.0,0.0,0.0,306.5994883599414,2821.2350029221793,312.0345942453486,0.0,0.0
egg_plastic_wrap_t2,93.7772966430707,813.8290081852729,49.92318441742522,0.0,0.0,132.73024134929906,2170.3913664382935,167.60469419209048,0.0,0.0
egg_plastic_wrap_t3,0.0,4.53974322324437,0.0,0.0,15.32094079553741,193.73217198118883,2724.6367933944803,229.57000651455166,0.0,0.0
egg_plastic_wrap_t4,35.90122295526861,699.8248368896424,17.363217041195142,0.0,0.0,190.82655571799125,2204.981350471773,174.72071541644948,0.0,0.0
egg_plastic_wrap_t5,10.546473313531347,211.82809711678462,5.67745839112922,0.0,2.0819647974989874,155.8458259982763,2199.3776487749305,163.0438175050417,0.0,0.0
can_arizona_t1,28.723687554908643,665.6979942946092,4.763879738178986,0.0,7.533251942903993,49.66539923342057,1611.8656389897321,51.68235801817184,0.0,0.0
can_arizona_t2,14.379718363227228,146.0029873161988,0.0,0.0,5.9297474169508035,118.18317541287063,1944.6171318184777,112.74330082334227,0.0,0.0
can_arizona_t3,3.0205314795413076,0.0,3.019182914962921,0.0,0.0,112.26822610202215,1687.2526219492806,74.734163176238,0.0,0.0
can_arizona_t4,10.553663552168578,417.19515117383986,0.0,0.0,0.0,152.41380800419645,1612.0888426324002,163.7450227252213,0.0,0.0
can_arizona_t5,4.115913448277134,160.00766563021767,4.639436456186253,0.0,2.8069058610906423,113.03710868872379,2111.2769424702283,77.44173842182778,0.0,0.0
can_coke_t1,0.0,24.71552918901068,0.0,0.0,0.0,64.78891669682687,1200.8940899920597,92.77909214927058,0.0,0.0
can_coke_t2,0.0,0.0,0.0,0.0,0.0,153.84364754713806,2587.4236770982475,107.67404588213267,0.0,0.0
can_coke_t3,0.0,0.0,0.0,0.0,3.158441208247511,175.81502113890465,1898.999377727606,131.14134116586558,0.0,0.0
can_coke_t4,0.0,0.0,0.0,0.0,2.368243117671832,106.43833882392691,1769.0677511141225,161.86058645273124,0.0,0.0
can_coke_t5,0.0,5.312969863194942,0.0,0.0,0.0,54.57727425655583,1154.741581868099,70.44603362079707,0.0,2.2036484198710102
can_red_bull_large_t1,0.0,0.0,0.0,0.0,6.45254407010537,220.07576623683545,2171.2152686414533,192.91724789759513,0.0,0.0
can_red_bull_large_t2,4.40382400600263,46.334358304540515,0.0,0.0,3.2155198515339634,84.1470780632111,1574.664852566632,105.30929666941776,0.0,0.0
can_red_bull_large_t3,0.0,14.845357601873175,0.0,0.0,0.0,159.0125318772998,1734.329354716047,106.74097538695378,0.0,0.0
can_red_bull_large_t4,6.85871055388694,2.5642520312948958,3.582178935173395,0.0,0.0,107.35796378744584,1352.979147853728,72.06253597372017,0.0,0.0
can_red_bull_large_t5,0.0,2.2358591480681422,0.0,0.0,0.0,77.74405737525676,1061.8900367970525,97.75699645248112,0.0,0.0
can_red_bull_small_t1,5.682845631460179,11.120605953968118,0.0,0.0,9.719847902894934,133.59423270404085,2192.134376297238,135.5372465089187,0.0,0.0
can_red_bull_small_t2,12.224148986933315,34.70478819849568,6.36128879538614,0.0,2.1305633515340494,54.16879798889294,1039.9563746501478,64.54973796155318,2.692004019313493,0.0
can_red_bull_small_t3,12.599948636649996,114.71109066132442,2.805086898137026,0.0,22.40353402238798,101.55026363953992,1460.520711712708,132.86611228389057,0.0,5.440578760288283
can_red_bull_small_t4,0.0,0.0,0.0,0.0,0.0,123.52378216601942,1632.1003252960263,167.92560544933897,0.0,0.0
can_red_bull_small_t5,0.0,2.23535475931674,0.0,0.0,0.0,44.841440189889425,1152.5213419537065,74.44655443650262,0.0,0.0
can_starbucks_t1,0.0,60.5376050314423,0.0,0.0,0.0,143.56589921261528,2524.463992499708,123.33682860940874,0.0,0.0
can_starbucks_t2,10.762955812235376,208.94270108608973,11.090304717192684,0.0,0.0,114.2397884776591,2159.1774681581655,102.32024769256253,0.0,0.0
can_starbucks_t3,4.921996121232617,27.227580433041346,2.4180082592944134,0.0,0.0,91.59585829711776,2565.180920648577,92.05357447332051,0.0,0.0
can_starbucks_t4,0.0,0.0,0.0,0.0,2.92243099393108,112.48329518420289,2499.361324108425,87.5832937480067,0.0,0.0
can_starbucks_t5,0.0,4.051131891590996,0.0,0.0,0.0,108.2091060047909,2280.6209638382243,118.19400684566821,0.0,0.0
cone_1_t1,4.098363147648095,74.72780997285699,20.15510018975109,0.0,0.0,118.61548978886397,1393.4915832038605,108.502271383469,0.0,28.115070784555858
cone_1_t2,0.0,0.0,0.0,0.0,3.7832649178413345,93.3963159920897,1936.6172469738253,95.4570231300051,0.0,0.0
cone_1_t3,2.6900236180422286,0.0,5.364416068750514,0.0,0.0,130.66183307359876,1755.717898688685,126.45442302031493,0.0,0.0
cone_1_t4,0.0,0.0,0.0,0.0,4.145897821992241,211.331695126817,1940.644160747418,164.4181098901634,0.0,0.0
cone_1_t5,0.0,0.0,0.0,0.0,3.660452326481114,128.6409784298713,1920.8999312770948,130.05077939338744,0.0,0.0
cone_2_t1,0.0,0.0,0.0,0.0,0.0,194.82032726609577,2282.5397151659463,232.47715081313123,0.0,0.0
cone_2_t2,2.413025385253127,3.3976082955514455,2.3934622211257066,0.0,0.0,128.79620941338402,1968.9530997005113,144.09591757364998,0.0,0.0
cone_2_t3,0.0,0.0,0.0,0.0,0.0,160.0666067815897,1737.3399977266943,178.8112291785532,0.0,0.0
cone_2_t4,0.0,0.0,0.0,0.0,21.80977812432513,125.75507247996914,1681.4168789427767,131.35974946834898,0.0,0.0
cone_2_t5,0.0,0.0,0.0,0.0,9.03837855676818,164.26768638486115,1960.043932829174,205.93301677042052,0.0,0.0
cone_3_t1,0.0,0.0,0.0,0.0,0.0,205.8824967137446,3437.5207550607606,165.89227883437394,0.0,0.0
cone_3_t2,0.0,0.0,0.0,0.0,17.625014295666787,102.23601685286644,2046.2088419646536,124.57720384893216,0.0,0.0
cone_3_t3,0.0,0.0,0.0,0.0,11.284369022196875,193.74183347565847,2959.1214742398192,141.99908464540337,0.0,0.0
cone_3_t4,0.0,0.0,0.0,0.0,3.883430841006957,229.63817281241032,3088.3572927715563,232.00191580927267,0.0,0.0
cone_3_t5,0.0,0.0,0.0,0.0,0.0,214.9119821014942,2477.75709254881,178.43802268356615,0.0,0.0
cone_4_t1,0.0,18.850968419778077,0.0,0.0,0.0,265.3791786931954,5176.92022643378,317.7416819811757,0.0,0.0
cone_4_t2,0.0,0.0,0.0,0.0,0.0,425.52730268625515,6560.409810515719,296.6672217218626,0.0,0.0
cone_4_t3,146.8248486510487,808.277107412514,97.28431092628193,0.0,10.302152693097288,307.83053752863515,4074.4946460221263,229.12034304973278,0.0,14.505343979091403
cone_4_t4,78.22688774743483,722.6378553796783,24.220543526094342,0.0,0.0,151.6244064590128,2197.554375045403,118.34031791895974,0.0,0.0
cone_4_t5,0.0,0.0,0.0,0.0,3.2601022220046554,284.4552367877618,6202.247742192573,310.7884304406261,0.0,0.0
cone_5_t1,0.0,0.0,0.0,0.0,2.804117453357651,440.2149684069209,6628.6375101562335,297.8033771304153,0.0,0.0
cone_5_t2,0.0,167.50104958255406,8.887796471343021,0.0,2.241310064008102,634.9981656545872,6407.58959094988,438.5734912816189,0.0,0.0
cone_5_t3,0.0,128.18593276124741,0.0,0.0,25.321464616192834,583.1556734207751,8300.659617503456,576.772766187376,4.796680663736783,0.0
cone_5_t4,0.0,373.9831790399714,0.0,0.0,25.488874398435904,634.7911597350134,7841.566232760011,509.66274049363733,0.0,0.0
cone_5_t5,21.94170367337038,545.3338467839549,0.0,0.0,0.0,417.67182611331674,8546.761553750068,339.9020897541201,0.0,0.0
bottle_fuse_t1,23.20376597961704,146.27614231954217,22.684798168515528,0.0,8.693721145257841,280.2893232597226,3257.3788926899974,194.57552779735747,0.0,7.95077951304931
bottle_fuse_t2,12.027123101918784,113.89326718047056,5.872098239312577,3.4406661128333855,4.106562884101009,257.32111714726875,3429.676918738043,205.95750417165115,0.0,8.364075894901802
bottle_fuse_t3,11.496593919311294,61.0523722242143,4.652891290474042,0.0,6.482995044216633,263.35734809076973,1986.7048373142934,179.34628356359048,0.0,0.0
bottle_fuse_t4,11.336173954665263,43.27734738322995,10.322360216724459,0.0,16.975179304260234,276.7800653632321,2990.7585771639347,252.6150777864949,0.0,5.65690469438508
bottle_fuse_t5,18.59984609791602,52.91673263699744,7.365861557319036,0.0,7.693027771291741,164.42561168403958,2242.531135670706,97.06015146791255,0.0,4.608107693149016
bottle_google_t1,0.0,0.0,0.0,0.0,0.0,223.30096547187267,3906.3349776817186,146.30756526345152,0.0,0.0
bottle_google_t2,2.1597922145660213,265.4533991260876,4.301426613227285,0.0,0.0,159.22847943662316,3248.957609804909,165.22228338760522,0.0,0.0
bottle_google_t3,0.0,60.622210859617546,0.0,0.0,0.0,233.7002552776068,3046.9342573633953,135.9759094911941,0.0,0.0
bottle_google_t4,0.0,0.0,0.0,0.0,0.0,197.72647931946148,3000.76356226384,191.81988813123021,0.0,0.0
bottle_google_t5,0.0,22.481241638961976,0.0,0.0,4.73727626150202,177.45838878365151,2309.537397323784,154.79375171971407,0.0,0.0
bottle_green_t1,0.0,0.0,0.0,0.0,9.342500722220453,165.79484721046487,3055.417892373451,121.99853780405532,0.0,0.0
bottle_green_t2,0.0,41.14262614482449,0.0,0.0,0.0,128.55476736145945,1972.7632347941815,109.63963307837507,0.0,0.0
bottle_green_t3,5.103883870893462,57.660810943266476,6.456307580688707,0.0,0.0,121.48168764395963,1714.7064430512119,111.30408090422094,0.0,0.0
bottle_green_t4,17.17365945517053,146.4796180782988,10.050195354959985,0.0,0.0,113.29398544909596,1772.302734919866,119.54664438793473,0.0,0.0
bottle_green_t5,28.78653698784442,237.30349764082362,14.881490416290813,0.0,7.851561104893917,168.13765450195163,1927.2129475478184,134.65261415224882,0.0,0.0
bottle_red_t1,0.0,0.0,0.0,0.0,0.0,139.1801324044571,3028.2836068145157,139.89452533845244,0.0,0.0
bottle_red_t2,0.0,19.101059095427125,0.0,0.0,0.0,181.6287515514932,3500.973148480926,144.53104795414038,7.707559893425404,0.0
bottle_red_t3,0.0,0.0,0.0,0.0,35.219293915565686,544.2136954176178,5343.034937162815,428.0944768124954,12.543167897553229,0.0
bottle_red_t4,0.0,0.0,0.0,0.0,12.682932253228788,123.48325360547142,1297.5327795626338,103.98958042964611,0.0,0.0
bottle_red_t5,0.0,0.0,0.0,0.0,0.0,142.25801134792187,2611.3028331729456,102.26858985042996,0.0,0.0
bottle_sobe_t1,33.1502457009664,282.90822271390124,11.297086314059783,0.0,0.0,179.04066660223174,2044.8344345310516,197.29158362064803,0.0,0.0
bottle_sobe_t2,23.130513069576846,187.80418447614167,8.607658644689772,0.0,5.24305344506627,174.89192343583485,1715.0166171693415,132.24115637628708,0.0,0.0
bottle_sobe_t3,0.0,4.003475772629098,0.0,0.0,0.0,213.52369772769865,2765.0420379715683,161.2495596047896,0.0,0.0
bottle_sobe_t4,0.0,158.23268136845155,0.0,0.0,2.14208079924381,165.01373572861124,2367.0581579963596,141.1319290308988,0.0,0.0
bottle_sobe_t5,2.0469194463876685,110.24201981561565,2.598541525471548,0.0,0.0,167.61837894298168,2231.699571150488,135.49517397085742,0.0,0.0
cannedfood_chili_t1,0.0,0.0,0.0,0.0,0.0,115.31500659764978,3724.53710711547,128.08403125894048,0.0,0.0
cannedfood_chili_t2,0.0,0.0,0.0,0.0,0.0,134.8574044255756,2584.1190507826745,109.79307325486342,0.0,0.0
cannedfood_chili_t3,0.0,2.718970088103214,0.0,0.0,0.0,128.15016961425076,1546.777684385157,141.3729847845042,0.0,0.0
cannedfood_chili_t4,0.0,0.0,0.0,0.0,0.0,156.5295623434994,3012.4230139476967,189.64375283585514,0.0,0.0
cannedfood_chili_t5,2.1159470782843317,229.60499576715577,7.065992750923349,0.0,17.113077899119148,83.93466516804862,1166.557187135952,75.43684976574569,0.0,0.0
cannedfood_cowboy_cookout_t1,2.659712026235171,6.271336592752145,2.6565763992449,0.0,4.379659403784281,26.1020743966762,350.9607930156671,33.782914373564,0.0,0.0
cannedfood_cowboy_cookout_t2,0.0,0.0,0.0,0.0,0.0,143.72020334306052,1419.052800656542,127.62228102861816,0.0,0.0
cannedfood_cowboy_cookout_t3,0.0,3.097127701597078,0.0,0.0,0.0,154.58847514924437,2074.9114282085025,166.3383794768488,0.0,0.0
cannedfood_cowboy_cookout_t4,0.0,0.0,0.0,0.0,0.0,117.53406500907099,2067.968004350929,144.0257183163228,0.0,0.0
cannedfood_cowboy_cookout_t5,0.0,0.0,0.0,0.0,0.0,97.12391060202506,1770.2578457356901,93.53152423109555,0.0,0.0
cannedfood_soup_t1,0.0,5.22746462409075,0.0,0.0,3.8255081996911677,161.74922107132068,2474.3053706267,158.96470966370865,0.0,0.0
cannedfood_soup_t2,0.0,3.4429736290015347,0.0,0.0,0.0,71.73692925406458,1283.8570550183076,120.44706006166066,0.0,0.0
cannedfood_soup_t3,0.0,0.0,0.0,0.0,0.0,93.71134233155502,1761.384352509647,130.04314371442004,0.0,0.0
cannedfood_soup_t4,0.0,0.0,0.0,0.0,5.107619751750117,97.0349042289168,1654.888626911359,92.32216631786957,0.0,0.0
cannedfood_soup_t5,0.0,0.0,0.0,0.0,2.161500521374374,142.56173081795615,2319.2274849859614,166.2603973348275,0.0,0.0
cannedfood_tomatoes_t1,0.0,0.0,0.0,0.0,0.0,132.5894530746723,2692.564551582573,148.89541322528282,0.0,0.0
cannedfood_tomatoes_t2,0.0,0.0,0.0,0.0,3.3906070123294505,138.64546672202536,2474.8238116748907,192.09682819217653,0.0,0.0
cannedfood_tomatoes_t3,2.286498742619379,114.27218005310523,2.0281915204437673,0.0,16.553260037163597,77.89959271592211,1041.1715902211515,150.8545178633411,0.0,0.0
cannedfood_tomatoes_t4,0.0,0.0,0.0,0.0,4.15523943040847,110.6163737880258,1581.9662751671483,116.74721402710827,0.0,0.0
cannedfood_tomatoes_t5,0.0,2.2321946868496934,0.0,0.0,5.910475237956101,108.38566460014341,1819.2402308583687,130.39183683338277,0.0,0.0
cannedfood_tomato_paste_t1,0.0,0.0,0.0,0.0,5.362071504208049,78.24194149275917,1332.80611598974,104.14177610146527,0.0,0.0
cannedfood_tomato_paste_t2,0.0,0.0,0.0,0.0,0.0,126.08986130119145,1692.1374645676285,133.22148674449934,0.0,0.0
cannedfood_tomato_paste_t3,0.0,3.5362942439791407,2.6749599313073835,0.0,0.0,153.8338691653035,2203.5675557979034,200.6208563408283,0.0,0.0
cannedfood_tomato_paste_t4,0.0,0.0,0.0,0.0,0.0,132.30335453240312,1795.759367512837,152.59989341085392,0.0,0.0
cannedfood_tomato_paste_t5,2.7998725082581886,0.0,2.82401684477979,0.0,2.9031286517142156,97.55298507566484,1754.7954846917357,126.40726402449185,0.0,0.0
