ball_base_t1,48.434673258635215,476.0164394585686,33.181157648433754,0.0,0.0,115.81529417425688,4146.090974338837,39.411644499784884,0.0,0.0
ball_base_t2,18.74184756330166,542.6526070000599,21.712958461513118,0.0,0.0,105.9781270639586,3848.0671283468623,38.247562992064324,0.0,0.0
ball_base_t3,15.443645958570574,264.390292021245,8.846322578906035,0.0,0.0,144.76204497415694,4075.7264355852685,85.90862969523477,0.0,0.0
ball_base_t4,32.18189717610598,458.6374972583621,11.12408524604195,0.0,0.0,119.3069982379012,4075.2046806951307,47.2719938768754,0.0,0.0
ball_base_t5,39.240118573255344,743.879894650141,23.282902666135602,0.0,0.0,58.46768086295331,3118.949306629206,17.22821878675819,0.0,0.0
ball_basket_t1,0.0,102.7676830421655,0.0,0.0,0.0,91.34478724262425,3915.4592071310053,23.007807358018244,0.0,0.0
ball_basket_t2,0.0,0.0,0.0,0.0,0.0,92.76309552920166,3546.045950166067,62.48960300380339,0.0,0.0
ball_basket_t3,0.0,0.0,0.0,0.0,0.0,74.71110393474754,3592.2312096704663,20.86790810919406,0.0,0.0
ball_basket_t4,0.0,42.8509341921028,0.0,0.0,0.0,122.65838930309388,4228.789304283579,40.78835573371294,0.0,0.0
ball_basket_t5,0.0,42.87248991165317,0.0,0.0,0.0,42.97500411756495,4269.991965770209,20.005948429526416,0.0,0.0
ball_blue_t1,0.0,25.715367202782712,0.0,0.0,0.0,101.73099882592456,4027.3905925494987,45.72806938341172,0.0,0.0
ball_blue_t2,0.0,130.4949909692519,0.0,0.0,0.0,73.98777058882544,3472.0636013178632,29.154428903123783,0.0,0.0
ball_blue_t3,22.135404235468442,565.0117577196687,2.2687930469745363,0.0,0.0,74.54334245460129,4078.505696752669,44.40507162642137,0.0,0.0
ball_blue_t4,0.0,99.01861869196742,0.0,0.0,0.0,120.50951784394692,3903.469949540018,49.347555115439185,0.0,0.0
ball_blue_t5,2.1115384462519264,498.74435618453043,0.0,0.0,0.0,147.62934152346676,4010.2584970173275,61.7654750144793,0.0,0.0
ball_transparent_t1,0.0,0.0,0.0,0.0,0.0,49.41046671406585,3503.015730602454,18.382120374370626,0.0,0.0
ball_transparent_t2,0.0,10.79181980728401,0.0,0.0,0.0,65.10415518170427,3912.848012323762,15.089600490278423,0.0,0.0
ball_transparent_t3,0.0,0.0,0.0,0.0,0.0,53.141503314684755,3485.576126094618,29.337407472060505,0.0,0.0
ball_transparent_t4,0.0,20.53639308010913,0.0,0.0,0.0,59.50859504956798,3235.6532411764565,59.52355746727878,0.0,0.0
ball_transparent_t5,0.0,0.0,0.0,0.0,0.0,69.36308948714459,3033.4318677307806,36.05500356516466,0.0,0.0
ball_yellow_purple_t1,0.0,2.2014270144613017,0.0,0.0,0.0,140.9015169969744,3694.058264147726,62.36994477778393,0.0,0.0
ball_yellow_purple_t2,0.0,0.0,0.0,0.0,0.0,54.04296757637734,3518.8733001313467,35.42214189155357,0.0,0.0
ball_yellow_purple_t3,4.710298591978006,23.60809594958069,10.589547728116713,0.0,0.0,92.27200384362467,4048.926666213801,38.0773829681784,2.956192260324081,0.0
ball_yellow_purple_t4,0.0,0.0,0.0,0.0,0.0,79.61718823765803,3409.39747003013,50.68092366171119,0.0,0.0
ball_yellow_purple_t5,0.0,0.0,0.0,0.0,0.0,101.66980706500074,3278.0352167639244,41.54080584506893,0.0,0.0
basket_cylinder_t1,0.0,0.0,0.0,0.0,0.0,42.074994018849395,4617.305693499925,10.225339189937802,0.0,0.0
basket_cylinder_t2,0.0,0.0,0.0,0.0,0.0,68.3160233756684,4679.075390103931,56.10561004039066,0.0,0.0
basket_cylinder_t3,0.0,0.0,0.0,0.0,0.0,67.76394085771565,4506.041367916514,35.18399827319694,0.0,0.0
basket_cylinder_t4,0.0,0.0,0.0,0.0,0.0,49.652023390218936,4425.879674574337,8.324896419345933,0.0,0.0
basket_cylinder_t5,0.0,0.0,0.0,0.0,0.0,47.97044485424151,4175.144708233008,8.26419682059089,0.0,0.0
basket_funnel_t1,0.0,0.0,0.0,0.0,0.0,48.26246914068709,5229.984556146697,26.751998230043107,0.0,0.0
basket_funnel_t2,0.0,0.0,0.0,0.0,0.0,41.68956911848357,5621.186129114286,27.345326295982456,0.0,0.0
basket_funnel_t3,0.0,0.0,0.0,0.0,0.0,62.55350507026232,5509.412533436802,31.323878611202836,0.0,0.0
basket_funnel_t4,0.0,0.0,0.0,0.0,0.0,59.594698834760315,5984.020035094829,36.99806436730823,0.0,0.0
basket_funnel_t5,0.0,0.0,0.0,0.0,0.0,90.0882300052906,5242.390819904577,53.610633259676426,0.0,0.0
basket_green_t1,0.0,0.0,0.0,0.0,0.0,73.69712281473521,4980.635022557057,10.398180597407203,0.0,0.0
basket_green_t2,0.0,0.0,0.0,0.0,0.0,50.98614251921417,5243.299498070244,14.273741295866682,0.0,0.0
basket_green_t3,0.0,0.0,0.0,0.0,0.0,55.33975959480395,4913.657707956251,18.391158438907457,0.0,0.0
basket_green_t4,0.0,0.0,0.0,0.0,0.0,67.67608958179434,5297.115324671695,18.82225661651266,0.0,0.0
basket_green_t5,0.0,0.0,0.0,0.0,0.0,50.09370848703774,5305.363563132275,8.21685923539912,0.0,0.0
basket_handle_t1,0.0,0.0,0.0,0.0,0.0,63.863554899132026,4947.111468416401,8.42243427180238,0.0,0.0
basket_handle_t2,0.0,0.0,0.0,0.0,0.0,73.63110505060867,4278.43596605597,20.68255335001117,0.0,0.0
basket_handle_t3,0.0,0.0,0.0,0.0,0.0,72.15287248989794,4821.1087145270585,45.69696658790693,0.0,0.0
basket_handle_t4,0.0,0.0,0.0,0.0,0.0,62.28483412274967,4702.498092726233,20.733852269806725,0.0,0.0
basket_handle_t5,0.0,0.0,0.0,0.0,0.0,68.84024649864176,4746.568347162595,24.66312495253666,0.0,0.0
basket_semicircle_t1,0.0,0.0,0.0,0.0,0.0,70.47682601190321,5547.655015029983,26.987578613053437,0.0,0.0
basket_semicircle_t2,0.0,0.0,0.0,0.0,0.0,51.58889703706394,4827.586026450012,18.548657134150403,0.0,0.0
basket_semicircle_t3,0.0,0.0,0.0,0.0,0.0,55.890531050282966,5769.4585330590035,34.97561144198244,0.0,0.0
basket_semicircle_t4,0.0,0.0,0.0,0.0,0.0,64.39840135272233,5677.365939698691,49.27841198843733,0.0,0.0
basket_semicircle_t5,0.0,0.0,0.0,0.0,0.0,54.398132319328724,4442.087992840055,16.837959493685485,0.0,0.0
bigstuffedanimal_bear_t1,0.0,0.0,0.0,0.0,0.0,50.236365413304945,6518.311899714927,27.4003113162273,0.0,0.0
bigstuffedanimal_bear_t2,0.0,0.0,0.0,0.0,0.0,57.29346447448367,6553.051259079589,33.05511413342615,0.0,0.0
bigstuffedanimal_bear_t3,0.0,0.0,0.0,0.0,0.0,77.59041502561585,7180.270761945542,37.822286225594915,0.0,0.0
bigstuffedanimal_bear_t4,0.0,0.0,0.0,0.0,0.0,53.81707972745554,6611.450540280145,37.52279702853479,0.0,0.0
bigstuffedanimal_bear_t5,0.0,0.0,0.0,0.0,0.0,56.30286915309872,5872.449264543787,18.9585698626529,0.0,0.0
bigstuffedanimal_bunny_t1,13.49118893204722,216.3043179032955,0.0,0.0,4.962562352799633,427.85057041725094,11833.063224532154,199.4717775336539,0.0,0.0
bigstuffedanimal_bunny_t2,0.0,0.0,0.0,0.0,2.132113494282141,223.25788291627882,7414.302918857945,112.16052196383346,4.254860779361572,0.0
bigstuffedanimal_bunny_t3,0.0,0.0,0.0,0.0,8.082323780968443,360.73834022687873,8529.436202449333,164.64263745934193,0.0,0.0
bigstuffedanimal_bunny_t4,4.699291906008857,110.19196924737041,9.458329242312125,0.0,2.341826392476607,434.47593354400567,9870.111488694627,288.06459060824693,11.898601240088356,2.3536495632102925
bigstuffedanimal_bunny_t5,0.0,0.0,0.0,0.0,16.05431253984559,359.99974072552095,9688.326856782669,197.512368931426,0.0,0.0
bigstuffedanimal_frog_t1,0.0,0.0,0.0,0.0,0.0,100.49292619343142,8155.13109576371,29.605182441942727,0.0,0.0
bigstuffedanimal_frog_t2,0.0,0.0,0.0,0.0,0.0,62.54858419819125,8505.501494629736,47.845407918983824,0.0,0.0
bigstuffedanimal_frog_t3,0.0,0.0,0.0,0.0,0.0,130.88692408720212,9365.262207433942,148.7771975631876,0.0,0.0
bigstuffedanimal_frog_t4,0.0,0.0,0.0,0.0,0.0,90.67784503179546,6303.065563535825,35.81007636251779,0.0,0.0
bigstuffedanimal_frog_t5,0.0,0.0,0.0,0.0,0.0,133.5085172917012,6999.090742341672,61.14205265199704,0.0,0.0
bigstuffedanimal_pink_dog_t1,0.0,0.0,0.0,0.0,0.0,65.26914287805133,7556.764807136978,76.65568524189499,0.0,0.0
bigstuffedanimal_pink_dog_t2,0.0,0.0,0.0,0.0,0.0,67.34832953200889,6703.075630734733,68.51225861044941,0.0,0.0
bigstuffedanimal_pink_dog_t3,0.0,0.0,0.0,0.0,0.0,59.2949975352479,6546.279527610807,81.40661626424607,0.0,0.0
bigstuffedanimal_pink_dog_t4,0.0,0.0,0.0,0.0,0.0,60.37487273799271,6859.075136022869,47.489951067868304,0.0,0.0
bigstuffedanimal_pink_dog_t5,0.0,0.0,0.0,0.0,0.0,97.13853343147848,6113.749025391222,107.55019515673405,0.0,0.0
bigstuffedanimal_tan_dog_t1,0.0,0.0,0.0,0.0,0.0,48.59858393871414,6091.166616681777,46.345966801476195,0.0,0.0
bigstuffedanimal_tan_dog_t2,0.0,0.0,0.0,0.0,0.0,54.783096140644396,5471.351216795447,59.582375321755734,0.0,0.0
bigstuffedanimal_tan_dog_t3,0.0,0.0,0.0,0.0,0.0,59.09400289515915,5167.335292441087,67.32948630394858,0.0,0.0
bigstuffedanimal_tan_dog_t4,0.0,0.0,0.0,0.0,0.0,95.66242901622674,7499.2640797501035,52.92699670808634,0.0,0.0
bigstuffedanimal_tan_dog_t5,0.0,0.0,0.0,0.0,0.0,43.35221164320513,6371.6934028284595,64.31800823252871,0.0,0.0
tupperware_coffee_beans_t1,0.0,0.0,0.0,0.0,0.0,52.19821747430344,3543.6047707838493,12.448911851585331,0.0,0.0
tupperware_coffee_beans_t2,0.0,0.0,0.0,0.0,0.0,65.38806398498072,3735.6212904435138,38.68200740091757,0.0,0.0
tupperware_coffee_beans_t3,0.0,0.0,0.0,0.0,0.0,47.51710601912655,3676.6331743682404,14.70763655537634,0.0,0.0
tupperware_coffee_beans_t4,0.0,0.0,0.0,0.0,0.0,78.69725488269404,3925.9160970360795,22.78285532571919,0.0,0.0
tupperware_coffee_beans_t5,0.0,0.0,0.0,0.0,0.0,46.212734837084675,4009.8748462848375,28.94346268425577,0.0,0.0
tupperware_ground_coffee_t1,0.0,0.0,0.0,0.0,0.0,37.760570731102874,3581.1300068966634,6.289752211814479,0.0,0.0
tupperware_ground_coffee_t2,0.0,0.0,0.0,0.0,0.0,65.73097382117345,3913.3502675262052,24.755655959067866,0.0,0.0
tupperware_ground_coffee_t3,0.0,0.0,0.0,0.0,0.0,74.72266691490512,3931.353104752689,20.845831605733938,0.0,0.0
tupperware_ground_coffee_t4,0.0,0.0,0.0,0.0,0.0,58.25410206810358,3880.496152998264,10.133238766486969,0.0,0.0
tupperware_ground_coffee_t5,0.0,0.0,0.0,0.0,0.0,82.92550964036046,4035.190265099323,18.772808366427846,0.0,0.0
tupperware_marbles_t1,0.0,0.0,0.0,0.0,0.0,41.51082987117964,3559.3767890567997,12.200342635511126,0.0,0.0
tupperware_marbles_t2,0.0,0.0,0.0,0.0,0.0,43.69786406124719,3944.2540891963836,10.43647813360278,0.0,0.0
tupperware_marbles_t3,0.0,0.0,0.0,0.0,0.0,48.21987297052919,3845.6995228314113,33.07062721225536,0.0,0.0
tupperware_marbles_t4,0.0,0.0,0.0,0.0,0.0,80.88478014329074,3848.394664311935,24.969625686529778,0.0,0.0
tupperware_marbles_t5,0.0,0.0,0.0,0.0,0.0,54.35426072624331,3941.1796424963254,29.116301217394003,0.0,0.0
tupperware_pasta_t1,0.0,0.0,0.0,0.0,0.0,29.802526382486707,3718.794934414576,8.359182317920041,0.0,0.0
tupperware_pasta_t2,0.0,0.0,0.0,0.0,0.0,65.41264385344262,3594.522487918862,35.01489902776664,0.0,0.0
tupperware_pasta_t3,0.0,0.0,0.0,0.0,0.0,63.920385245766866,3730.3207296618266,27.07560381500489,0.0,0.0
tupperware_pasta_t4,0.0,0.0,0.0,0.0,0.0,64.99932395240126,4139.018069055718,18.813327523707834,0.0,0.0
tupperware_pasta_t5,0.0,0.0,0.0,0.0,0.0,85.16887144615087,4121.759276294781,31.509547747168877,0.0,0.0
tupperware_rice_t1,0.0,0.0,0.0,0.0,0.0,56.11649087577147,3734.1870176064067,22.482295002958594,0.0,0.0
tupperware_rice_t2,0.0,0.0,0.0,0.0,0.0,59.32891821231437,3816.7788563843346,20.63730330795799,0.0,0.0
tupperware_rice_t3,0.0,0.0,0.0,0.0,0.0,72.11191296513904,3847.4640843441284,25.188997795382555,0.0,0.0
tupperware_rice_t4,0.0,0.0,0.0,0.0,0.0,61.963796362270855,3977.6378050059543,21.158167821766668,0.0,0.0
tupperware_rice_t5,0.0,0.0,0.0,0.0,0.0,47.220694248665154,4063.6390626978914,24.881041643319733,0.0,0.0
weight_1_t1,0.0,0.0,0.0,0.0,0.0,35.85459411242404,3441.592042892206,20.438238313116862,0.0,0.0
weight_1_t2,0.0,0.0,0.0,0.0,0.0,51.213113644939305,3594.1409356338286,48.33546939196439,0.0,0.0
weight_1_t3,0.0,0.0,0.0,0.0,0.0,75.48529330429048,3651.426269988469,44.22986076492818,0.0,0.0
weight_1_t4,0.0,0.0,0.0,0.0,0.0,92.48301469595538,3725.8840879359263,59.8247432840644,0.0,0.0
weight_1_t5,0.0,0.0,0.0,0.0,0.0,72.06878293699037,3661.343565727856,74.82338363401314,0.0,0.0
weight_2_t1,0.0,0.0,0.0,0.0,0.0,64.17595671649609,3343.3272647270437,24.805129489390122,0.0,0.0
weight_2_t2,0.0,0.0,0.0,0.0,0.0,49.52314540784343,3464.990416698298,35.114393061655825,0.0,0.0
weight_2_t3,0.0,0.0,0.0,0.0,0.0,62.213876218877544,3555.2051784518985,20.98067795376226,0.0,0.0
weight_2_t4,0.0,0.0,0.0,0.0,0.0,69.64023723082933,3586.5271520139636,81.30705541627391,0.0,0.0
weight_2_t5,0.0,0.0,0.0,0.0,0.0,118.45180085555624,3511.859886695365,40.13274695730315,0.0,0.0
weight_3_t1,0.0,0.0,0.0,0.0,2.052723107874026,35.8704884859637,3481.641641201602,12.248000822670802,0.0,0.0
weight_3_t2,0.0,0.0,0.0,0.0,0.0,93.8099300825461,3518.5629270496534,20.810901632111012,0.0,0.0
weight_3_t3,0.0,0.0,0.0,0.0,0.0,73.03983868564218,3475.6456974965167,29.17739269001573,0.0,0.0
weight_3_t4,0.0,0.0,0.0,0.0,0.0,56.34541052035433,3605.8252823883263,20.498740071860656,0.0,0.0
weight_3_t5,0.0,0.0,0.0,0.0,0.0,75.69141175756404,3570.7362517753695,39.3905417197034,0.0,0.0
weight_4_t1,0.0,0.0,0.0,0.0,0.0,45.65377015923244,3535.960307563636,26.771842635064992,0.0,0.0
weight_4_t2,0.0,0.0,0.0,0.0,0.0,85.68381511736999,3694.585732342882,39.05854630581,0.0,0.0
weight_4_t3,0.0,0.0,0.0,0.0,0.0,74.28502463022377,3560.9022118145363,81.84953125912436,0.0,0.0
weight_4_t4,0.0,0.0,0.0,0.0,0.0,73.71855544892503,3626.119259647967,46.89669369687771,0.0,0.0
weight_4_t5,0.0,0.0,0.0,0.0,0.0,50.19786676753355,3565.545718550635,30.73778096247987,0.0,0.0
weight_5_t1,0.0,0.0,0.0,0.0,0.0,77.18840137252641,3390.8271933885594,33.21865015307643,0.0,0.0
weight_5_t2,0.0,0.0,0.0,0.0,0.0,82.06805396006094,3712.610712691021,52.212951520964936,0.0,0.0
weight_5_t3,0.0,0.0,0.0,0.0,0.0,68.14996611640409,3649.256265289409,64.40806504903324,0.0,0.0
weight_5_t4,0.0,0.0,0.0,0.0,0.0,72.4119717636356,3695.697349711528,71.2492685173359,0.0,0.0
weight_5_t5,0.0,0.0,0.0,0.0,0.0,58.09826975186356,3876.564288293378,66.51608208161998,0.0,0.0
timber_pentagon_t1,0.0,0.0,0.0,0.0,0.0,47.12365838794712,3005.2453359891215,53.7765105378861,0.0,0.0
timber_pentagon_t2,0.0,0.0,0.0,0.0,0.0,80.20643474939025,2962.428287908815,84.85760407931517,0.0,0.0
timber_pentagon_t3,0.0,0.0,0.0,0.0,0.0,78.11423221559672,3201.8844169952918,50.473329286194684,0.0,0.0
timber_pentagon_t4,0.0,0.0,0.0,0.0,0.0,51.723674312351925,3463.0873757135373,33.001807504562684,0.0,0.0
timber_pentagon_t5,0.0,0.0,0.0,0.0,0.0,55.630207292183,3298.044815108728,49.34172660511069,0.0,0.0
timber_rectangle_t1,0.0,0.0,0.0,0.0,0.0,59.65337879091142,3277.018021276052,8.215022226796464,0.0,0.0
timber_rectangle_t2,0.0,0.0,0.0,0.0,0.0,68.70364884625609,3275.8657336834153,29.658247180628337,0.0,0.0
timber_rectangle_t3,0.0,0.0,0.0,0.0,0.0,112.63672124359192,3161.8482383367377,88.01575862841341,0.0,0.0
timber_rectangle_t4,0.0,0.0,0.0,0.0,0.0,66.88276707713624,3343.8743713528147,37.1608305264168,0.0,0.0
timber_rectangle_t5,0.0,0.0,0.0,0.0,0.0,57.98609642960328,3248.891583991512,20.787390068756064,0.0,0.0
timber_semicircle_t1,0.0,0.0,0.0,0.0,0.0,101.30600293696617,3016.604108393292,48.11675742934791,0.0,0.0
timber_semicircle_t2,0.0,0.0,0.0,0.0,0.0,83.49768529214691,2775.7782208494086,29.241990925047396,0.0,0.0
timber_semicircle_t3,0.0,0.0,0.0,0.0,0.0,84.60786815168036,3177.031224827569,70.27409575240269,0.0,0.0
timber_semicircle_t4,0.0,364.69421046246174,0.0,0.0,2.486716657845039,85.45966592207786,3493.1998218708522,144.42635577545056,0.0,0.0
timber_semicircle_t5,0.0,0.0,0.0,0.0,0.0,56.844647784528505,3155.2807400190445,10.375288598853855,0.0,0.0
timber_square_t1,0.0,0.0,0.0,0.0,0.0,80.46788208608426,3151.5768171299105,20.948851637293703,0.0,0.0
timber_square_t2,0.0,0.0,0.0,0.0,0.0,83.29664505170503,3110.290632522029,51.18936637874915,0.0,0.0
timber_square_t3,0.0,0.0,0.0,0.0,0.0,68.75117166399781,2887.5237397742135,84.60344132051212,0.0,0.0
timber_square_t4,0.0,0.0,0.0,0.0,0.0,54.66028860249475,3254.986717298649,22.696887486313077,0.0,0.0
timber_square_t5,0.0,0.0,0.0,0.0,0.0,36.2327045925097,3166.3491518459223,14.234401659889475,0.0,0.0
timber_squiggle_t1,0.0,0.0,0.0,0.0,0.0,93.4498031387588,3487.3915344455627,67.00435076915308,0.0,0.0
timber_squiggle_t2,0.0,0.0,0.0,0.0,0.0,91.6651768721446,3220.779422794359,47.92165823178831,0.0,0.0
timber_squiggle_t3,0.0,0.0,0.0,0.0,0.0,83.47885107568588,3113.3928296675376,77.68374061016078,0.0,0.0
timber_squiggle_t4,0.0,0.0,0.0,0.0,0.0,124.88224961660947,3397.4731858617242,27.702857207151048,0.0,0.0
timber_squiggle_t5,0.0,0.0,0.0,0.0,0.0,139.35648592645492,3456.9557490739685,62.55555203780539,0.0,0.0
tin_pokemon_t1,0.0,0.0,0.0,0.0,0.0,54.264744461131784,4645.231673283472,42.11931405754888,0.0,0.0
tin_pokemon_t2,0.0,0.0,0.0,0.0,0.0,79.4402393735265,3957.090429462478,22.748671877385515,0.0,0.0
tin_pokemon_t3,0.0,0.0,0.0,0.0,0.0,56.01079946496411,5355.000073039502,64.68070300638026,0.0,0.0
tin_pokemon_t4,0.0,0.0,0.0,0.0,0.0,43.7364508307595,5464.479981297744,20.643336190877015,0.0,0.0
tin_pokemon_t5,0.0,0.0,0.0,0.0,0.0,68.29629802286505,4214.027452161997,48.1977798480658,0.0,0.0
tin_poker_t1,0.0,0.0,0.0,0.0,0.0,62.3303451755258,4344.857885242228,18.5605707174172,0.0,0.0
tin_poker_t2,0.0,0.0,0.0,0.0,0.0,31.264633524431108,3823.6778746220657,4.179433115422122,0.0,0.0
tin_poker_t3,0.0,0.0,0.0,0.0,0.0,77.895743255578,3951.186294775998,33.09983117271915,0.0,0.0
tin_poker_t4,0.0,0.0,0.0,0.0,0.0,57.64946169763993,3857.3733917052436,20.649089457151344,0.0,0.0
tin_poker_t5,0.0,0.0,0.0,0.0,0.0,88.84373803059552,3883.8138548750712,6.339546865982239,0.0,0.0
tin_snack_depot_t1,0.0,0.0,0.0,0.0,0.0,56.30854594253944,4143.190933334222,33.03968257660544,0.0,0.0
tin_snack_depot_t2,0.0,0.0,0.0,0.0,0.0,47.76834565758968,4056.808460610389,14.289422380736735,0.0,0.0
tin_snack_depot_t3,0.0,0.0,0.0,0.0,0.0,88.96692764372959,4252.374414312322,46.671473724405566,0.0,0.0
tin_snack_depot_t4,0.0,0.0,0.0,0.0,0.0,83.38865325221734,4299.778180796489,41.89384953692615,0.0,0.0
tin_snack_depot_t5,0.0,0.0,0.0,0.0,0.0,63.73053477135305,4093.161425351534,31.577127784664047,0.0,0.0
tin_snowman_t1,0.0,0.0,0.0,0.0,0.0,46.08774279835615,3165.2950856673056,37.17877365088405,0.0,0.0
tin_snowman_t2,0.0,0.0,0.0,0.0,0.0,64.08235288044416,3133.4539236202654,47.63941856846769,0.0,0.0
tin_snowman_t3,0.0,0.0,0.0,0.0,0.0,48.120057634974614,3172.157462216429,20.329563852678596,0.0,0.0
tin_snowman_t4,0.0,0.0,0.0,0.0,0.0,54.71385606681988,3168.210784187878,10.256138999668169,0.0,0.0
tin_snowman_t5,0.0,0.0,0.0,0.0,0.0,49.06271067632585,3300.2314266057942,12.487583804142655,0.0,0.0
tin_tea_t1,0.0,0.0,0.0,0.0,0.0,46.46154309033997,3239.2959077652176,20.46269612539372,0.0,0.0
tin_tea_t2,0.0,0.0,0.0,0.0,0.0,45.862704755415855,4047.9420889842304,14.506312430762954,0.0,0.0
tin_tea_t3,0.0,0.0,0.0,0.0,0.0,58.81345847301885,2935.422245182985,28.879063324219633,0.0,0.0
tin_tea_t4,0.0,0.0,0.0,0.0,0.0,48.69048500962529,3062.811377478374,10.305979844592724,0.0,0.0
tin_tea_t5,0.0,0.0,0.0,0.0,0.0,53.06155765518186,3541.0390442420776,24.99370417807586,0.0,0.0
pvc_1_t1,0.0,0.0,0.0,0.0,0.0,36.00172967845743,2724.314082883582,27.08323238848813,0.0,0.0
pvc_1_t2,0.0,0.0,0.0,0.0,0.0,65.54360923743252,2857.1134656687705,32.54518299129523,0.0,0.0
pvc_1_t3,0.0,0.0,0.0,0.0,0.0,58.95658519021473,2868.731363996244,37.58508168453974,0.0,0.0
pvc_1_t4,0.0,0.0,0.0,0.0,0.0,60.79960175608493,2860.7116750144282,16.771505939863996,0.0,0.0
pvc_1_t5,0.0,0.0,0.0,0.0,0.0,50.489395694089865,2778.1016535214108,29.105670227778546,0.0,0.0
pvc_2_t1,0.0,0.0,0.0,0.0,0.0,53.250532316475486,2791.8892236243114,10.158046433013363,0.0,0.0
pvc_2_t2,0.0,0.0,0.0,0.0,0.0,35.60375900081323,2931.3095651978297,20.736319451625263,0.0,0.0
pvc_2_t3,0.0,0.0,0.0,0.0,0.0,58.34751922565081,3000.164612095411,35.2864687551956,0.0,0.0
pvc_2_t4,0.0,0.0,0.0,0.0,0.0,49.82398305406935,2937.728454514678,25.30166512198755,0.0,0.0
pvc_2_t5,0.0,0.0,0.0,0.0,0.0,52.96271467634201,3010.9491820791936,22.736144634614966,0.0,0.0
pvc_3_t1,0.0,0.0,0.0,0.0,0.0,70.38299851735222,2960.612029254718,33.46902344585106,0.0,0.0
pvc_3_t2,0.0,0.0,0.0,0.0,0.0,61.912825729425556,2939.606649116665,18.439458292949922,0.0,0.0
pvc_3_t3,0.0,0.0,0.0,0.0,0.0,62.64111138628428,2856.134364201827,29.12370053491333,0.0,0.0
pvc_3_t4,0.0,0.0,0.0,0.0,0.0,48.28143528541772,3046.531504778944,12.116340233684461,0.0,0.0
pvc_3_t5,0.0,0.0,0.0,0.0,0.0,46.159743447274465,3126.5338699758154,18.42182314765836,0.0,0.0
pvc_4_t1,0.0,0.0,0.0,0.0,0.0,68.57020218755214,3517.2935003594066,18.285540351345997,0.0,0.0
pvc_4_t2,0.0,0.0,0.0,0.0,0.0,55.482589370815056,3582.181663327168,18.55339554204555,0.0,0.0
pvc_4_t3,0.0,0.0,0.0,0.0,0.0,47.833826767728475,3470.2501584215847,18.409227419203983,0.0,0.0
pvc_4_t4,0.0,0.0,0.0,0.0,0.0,39.67409312490294,3427.427348891526,24.543299600693054,0.0,0.0
pvc_4_t5,0.0,0.0,0.0,0.0,0.0,59.36950079446267,3556.1286735257045,32.729774773852256,0.0,0.0
pvc_5_t1,0.0,0.0,0.0,0.0,0.0,48.61910158982953,4117.610381043313,12.334222472225104,0.0,0.0
pvc_5_t2,0.0,0.0,0.0,0.0,0.0,35.721458920526274,4107.715282425651,14.429481765378025,0.0,0.0
pvc_5_t3,0.0,0.0,0.0,0.0,0.0,51.203526977600895,4139.091904309287,12.41190298551726,0.0,0.0
pvc_5_t4,0.0,0.0,0.0,0.0,0.0,73.20264823067492,4265.30649077398,41.39043203769697,0.0,0.0
pvc_5_t5,0.0,0.0,0.0,0.0,0.0,50.09005601299074,3984.615157009828,23.074935840863052,0.0,0.0
smallstuffedanimal_bunny_t1,0.0,44.77994092448489,0.0,0.0,0.0,133.16632568027737,3975.890992190524,115.1895158736389,0.0,0.0
smallstuffedanimal_bunny_t2,4.082361523516493,103.79753627809697,0.0,0.0,2.1117808785240952,121.94644899224568,4164.569896010551,104.57190349319863,0.0,0.0
smallstuffedanimal_bunny_t3,4.183405172766683,146.7829593074806,0.0,0.0,2.200302380928951,108.03351798543044,4066.021423800353,69.8085088060364,0.0,0.0
smallstuffedanimal_bunny_t4,6.276123037524156,57.462597232884,0.0,0.0,0.0,155.9280934235606,4050.4011918718215,95.93634423770686,0.0,0.0
smallstuffedanimal_bunny_t5,0.0,0.0,0.0,0.0,0.0,61.680998522371205,3495.1596211886545,41.50415038107021,0.0,0.0
smallstuffedanimal_chick_t1,0.0,4.950166972557282,0.0,0.0,0.0,86.2649658908541,4516.519387858127,59.036555991983754,0.0,0.0
smallstuffedanimal_chick_t2,0.0,0.0,0.0,0.0,0.0,125.56985314037814,4953.0710313059335,58.839510061452565,0.0,0.0
smallstuffedanimal_chick_t3,5.261473263893452,2.8857027740223007,0.0,0.0,0.0,105.69617890437067,4387.411741181102,84.85291751615776,0.0,0.0
smallstuffedanimal_chick_t4,0.0,0.0,0.0,0.0,0.0,127.51812742096685,4821.3516241473435,81.4065494546251,0.0,0.0
smallstuffedanimal_chick_t5,0.0,0.0,0.0,0.0,0.0,84.33257166146521,4733.287700775132,42.8667567207091,0.0,0.0
smallstuffedanimal_headband_bear_t1,0.0,0.0,0.0,0.0,0.0,72.22739922463857,4444.006631233288,29.099725197652408,0.0,0.0
smallstuffedanimal_headband_bear_t2,0.0,0.0,0.0,0.0,0.0,70.82384698736986,4521.442903345825,35.26084950213379,0.0,0.0
smallstuffedanimal_headband_bear_t3,0.0,0.0,0.0,0.0,0.0,49.322671143799965,4245.837359971603,34.911378426024285,0.0,0.0
smallstuffedanimal_headband_bear_t4,0.0,0.0,0.0,0.0,0.0,63.64435479473078,4416.564213387723,35.04611459815371,0.0,0.0
smallstuffedanimal_headband_bear_t5,0.0,0.0,0.0,0.0,0.0,58.741659286380575,4201.79573455765,39.61246255091203,0.0,0.0
smallstuffedanimal_moose_t1,0.0,0.0,0.0,0.0,0.0,81.74123843026756,4493.015873800738,30.852490491839276,0.0,0.0
smallstuffedanimal_moose_t2,0.0,2.6207897817261117,2.5172025072488706,0.0,0.0,60.284434036612204,4924.187703805427,20.383933865441527,0.0,0.0
smallstuffedanimal_moose_t3,9.455449249311991,56.37267793183373,0.0,0.0,0.0,86.59537075340381,4447.417806356798,48.225743444784825,0.0,0.0
smallstuffedanimal_moose_t4,2.087534526660577,41.260479598186286,0.0,0.0,0.0,51.25211352354431,4796.778388125407,35.319512181610605,0.0,0.0
smallstuffedanimal_moose_t5,2.3100344802621455,66.87775271996503,0.0,0.0,0.0,108.70986747346272,4789.818333974834,64.71974832756668,0.0,0.0
smallstuffedanimal_otter_t1,0.0,0.0,0.0,0.0,0.0,68.86773365229699,3557.816123545489,25.53419493311942,0.0,0.0
smallstuffedanimal_otter_t2,0.0,0.0,0.0,0.0,0.0,72.01024928507108,3646.3632670629213,39.05770832493489,0.0,0.0
smallstuffedanimal_otter_t3,0.0,0.0,0.0,0.0,0.0,48.60908266974238,3491.4705636419717,6.521757409143565,0.0,0.0
smallstuffedanimal_otter_t4,0.0,0.0,0.0,0.0,0.0,64.9290736962322,3211.1301561544437,6.223555455105893,0.0,0.0
smallstuffedanimal_otter_t5,0.0,0.0,0.0,0.0,0.0,53.02472517820546,3323.2632185431175,47.40715035695422,0.0,0.0
metal_mix_covered_cup_t1,0.0,0.0,0.0,0.0,0.0,43.24943942540875,2828.1823306572223,18.49383599046808,0.0,0.0
metal_mix_covered_cup_t2,0.0,0.0,0.0,0.0,0.0,34.05085144053005,2593.249443641172,10.11371746590815,0.0,0.0
metal_mix_covered_cup_t3,0.0,0.0,0.0,0.0,0.0,43.820365937134135,2833.755497097267,26.895121805069135,0.0,0.0
metal_mix_covered_cup_t4,0.0,0.0,0.0,0.0,0.0,52.817094021025454,2877.295869344526,16.644114338512185,0.0,0.0
metal_mix_covered_cup_t5,0.0,0.0,0.0,0.0,0.0,68.41834336566585,3007.797269540363,50.13724533064765,0.0,0.0
metal_tea_jar_t1,0.0,0.0,0.0,0.0,0.0,51.27938887877888,3144.6714930512544,22.46000998902343,0.0,0.0
metal_tea_jar_t2,0.0,0.0,0.0,0.0,0.0,43.462950875489675,3224.98460629431,6.092794960213232,0.0,0.0
metal_tea_jar_t3,0.0,0.0,0.0,0.0,0.0,40.513265137469645,3216.079285550765,38.90194474447242,0.0,0.0
metal_tea_jar_t4,0.0,0.0,0.0,0.0,0.0,58.580694112521876,3150.813961808292,16.38267460534913,0.0,0.0
metal_tea_jar_t5,0.0,0.0,0.0,0.0,0.0,47.092495147886936,3399.9396214871613,30.509718180990653,0.0,0.0
metal_thermos_t1,0.0,0.0,0.0,0.0,0.0,58.619354178519444,2757.701529191856,12.491299594180227,0.0,0.0
metal_thermos_t2,0.0,0.0,0.0,0.0,0.0,82.57946392533502,3061.2978360315974,16.576460857088467,0.0,0.0
metal_thermos_t3,0.0,0.0,0.0,0.0,0.0,75.90135786309817,3429.203792723393,35.97938386360161,0.0,0.0
metal_thermos_t4,0.0,0.0,0.0,0.0,0.0,46.66443393632129,3096.4321065096733,8.343511023152502,0.0,0.0
metal_thermos_t5,0.0,0.0,0.0,0.0,0.0,71.27565333324603,3170.0663505090574,38.14066359554132,0.0,0.0
metal_flower_cylinder_t1,0.0,0.0,0.0,0.0,0.0,81.22472906204362,3505.9034195292097,62.286369518617875,0.0,0.0
metal_flower_cylinder_t2,0.0,0.0,0.0,0.0,0.0,43.2447438705904,2914.37655424112,10.43375454848702,0.0,0.0
metal_flower_cylinder_t3,0.0,0.0,0.0,0.0,0.0,77.51534146888649,3400.826656631282,90.48399165833764,0.0,0.0
metal_flower_cylinder_t4,0.0,0.0,0.0,0.0,0.0,73.78013538975378,3568.9671689510988,27.41144679133432,0.0,0.0
metal_flower_cylinder_t5,0.0,0.0,0.0,0.0,0.0,92.96684238702176,3572.8727114977255,90.93042611675608,0.0,0.0
metal_food_can_t1,0.0,0.0,0.0,0.0,0.0,53.42569629349131,2979.1097606785106,8.486551672111844,0.0,0.0
metal_food_can_t2,0.0,0.0,0.0,0.0,0.0,55.38188008330127,2978.7787642117232,2.008165144205028,0.0,0.0
metal_food_can_t3,0.0,0.0,0.0,0.0,0.0,59.60917843211441,3071.420313742201,6.381583558646486,0.0,0.0
metal_food_can_t4,0.0,0.0,0.0,0.0,0.0,60.35301438748673,2848.219234913056,14.53118986225979,0.0,0.0
metal_food_can_t5,0.0,0.0,0.0,0.0,0.0,88.02387481767387,3269.587185551042,27.084865650063985,0.0,0.0
noodle_1_t1,0.0,0.0,0.0,0.0,0.0,67.80198915378215,3277.9617168028344,35.35477375593792,0.0,0.0
noodle_1_t2,0.0,0.0,0.0,0.0,0.0,50.611603968622745,3288.5996637302997,35.99579061782254,0.0,0.0
noodle_1_t3,0.0,0.0,0.0,0.0,0.0,48.66205456004476,3132.5903514577317,16.481711802201772,0.0,0.0
noodle_1_t4,0.0,0.0,0.0,0.0,0.0,56.341134705566304,3292.08547786926,30.645407321212716,0.0,0.0
noodle_1_t5,0.0,0.0,0.0,0.0,0.0,31.673219998135437,3127.249416957146,14.404964434016247,0.0,0.0
noodle_2_t1,0.0,0.0,0.0,0.0,0.0,41.4979778269977,3222.3518668868664,14.609193501222581,0.0,0.0
noodle_2_t2,0.0,0.0,0.0,0.0,0.0,50.09764089210899,3148.5091544599177,18.372693946048557,0.0,0.0
noodle_2_t3,0.0,0.0,0.0,0.0,0.0,81.62153339777439,3213.7984397140453,14.424540650682808,0.0,0.0
noodle_2_t4,0.0,0.0,0.0,0.0,0.0,45.384798074380946,3291.991464940618,35.24540673362915,0.0,0.0
noodle_2_t5,0.0,0.0,0.0,0.0,0.0,35.651533734909,3523.884878168254,8.26155197788935,0.0,0.0
noodle_3_t1,0.0,0.0,0.0,0.0,0.0,61.43527553700227,3237.0365679616807,37.06185043582648,0.0,0.0
noodle_3_t2,0.0,0.0,0.0,0.0,0.0,51.19143655959837,3322.2125527212434,27.454714213550343,0.0,0.0
noodle_3_t3,0.0,0.0,0.0,0.0,0.0,83.07077069852237,3367.1191353114095,52.37599815816003,0.0,0.0
noodle_3_t4,0.0,0.0,0.0,0.0,0.0,80.5057180584282,3176.3469460439646,38.26204948674065,0.0,0.0
noodle_3_t5,0.0,0.0,0.0,0.0,0.0,66.4110300769229,3251.954680437777,35.99591634040969,0.0,0.0
noodle_4_t1,0.0,0.0,0.0,0.0,0.0,65.22744060208379,3572.0412090114064,20.661560705266993,0.0,0.0
noodle_4_t2,0.0,0.0,0.0,0.0,0.0,75.05403485112421,3574.0071151951834,18.50147233273242,0.0,0.0
noodle_4_t3,0.0,0.0,0.0,0.0,0.0,56.33164658466152,3650.1517802305675,41.36685252147403,0.0,0.0
noodle_4_t4,0.0,0.0,0.0,0.0,0.0,50.24567099279755,3419.5807507696545,37.657388507296176,0.0,0.0
noodle_4_t5,0.0,0.0,0.0,0.0,0.0,50.9346651573717,3640.1525827986666,14.515306691177125,0.0,0.0
noodle_5_t1,0.0,0.0,0.0,0.0,0.0,48.61532332233157,3658.2377943221545,18.963023750818554,0.0,0.0
noodle_5_t2,0.0,0.0,0.0,0.0,0.0,54.80932963290526,3320.728588576845,29.551802182358884,0.0,0.0
noodle_5_t3,0.0,0.0,0.0,0.0,0.0,52.06274128540706,3514.9702071160086,24.390184960335414,0.0,0.0
noodle_5_t4,0.0,0.0,0.0,0.0,0.0,68.07001892866171,3904.9325987157977,27.420640714771885,0.0,0.0
noodle_5_t5,0.0,0.0,0.0,0.0,0.0,72.78557873615779,3710.8854617547836,43.07061636713764,0.0,0.0
pasta_cremette_t1,0.0,0.0,0.0,0.0,0.0,46.50526232201038,3593.9205688343086,8.200437768995746,0.0,0.0
pasta_cremette_t2,0.0,0.0,0.0,0.0,0.0,42.38810081794877,3330.504810408572,12.2016224844336,0.0,0.0
pasta_cremette_t3,0.0,0.0,0.0,0.0,0.0,43.348193784003556,3555.9960739591434,29.04882713190203,0.0,0.0
pasta_cremette_t4,0.0,0.0,0.0,0.0,0.0,76.69793307126267,3478.4902750780625,14.630021783079062,0.0,0.0
pasta_cremette_t5,0.0,0.0,0.0,0.0,0.0,58.303537127721285,3365.4342546092007,33.455059620938435,0.0,0.0
pasta_macaroni_t1,0.0,0.0,0.0,0.0,0.0,44.38877365082229,3468.55678593154,40.95930561640195,0.0,0.0
pasta_macaroni_t2,0.0,0.0,0.0,0.0,0.0,84.77320159828463,3342.2887307996752,47.621272605264515,0.0,0.0
pasta_macaroni_t3,0.0,0.0,0.0,0.0,0.0,56.314970992174985,2942.1584887858576,24.878608385600707,0.0,0.0
pasta_macaroni_t4,0.0,2.806518278935664,0.0,0.0,0.0,60.94462008554828,3314.4767693951103,61.97187653240971,0.0,0.0
pasta_macaroni_t5,7.998389620065298,26.32106618518675,2.1825473242291906,0.0,0.0,66.3812829870161,2967.610845320431,24.066285721990614,0.0,0.0
pasta_penne_t1,0.0,0.0,0.0,0.0,0.0,83.77377196542201,3630.222452253576,18.607839282424628,0.0,0.0
pasta_penne_t2,0.0,0.0,0.0,0.0,0.0,61.93131632027972,3770.066907206775,26.78770535723671,0.0,0.0
pasta_penne_t3,0.0,0.0,0.0,0.0,0.0,69.56738115849303,4071.3602578071623,25.003238519965002,0.0,0.0
pasta_penne_t4,0.0,0.0,0.0,0.0,0.0,45.24364259815581,3451.556983006809,24.32650414175074,0.0,0.0
pasta_penne_t5,0.0,0.0,0.0,0.0,0.0,74.11210988966363,3535.034069705777,40.78231156757506,0.0,0.0
pasta_rotini_t1,0.0,0.0,0.0,0.0,0.0,77.87227551000977,4268.046632437445,28.636722579692368,0.0,0.0
pasta_rotini_t2,0.0,0.0,0.0,0.0,0.0,57.23345078584552,4180.65064931779,31.128326483206028,0.0,0.0
pasta_rotini_t3,0.0,0.0,0.0,0.0,0.0,76.45434688211319,4177.743259337339,28.961487136264836,0.0,0.0
pasta_rotini_t4,0.0,0.0,0.0,0.0,0.0,42.99979700837237,4226.7615736408625,6.196643591375319,0.0,0.0
pasta_rotini_t5,0.0,0.0,0.0,0.0,0.0,52.265889150350255,4290.548448061757,18.309115154543186,0.0,0.0
egg_rough_styrofoam_t1,0.0,0.0,0.0,0.0,0.0,101.12734061404595,2984.7748751458917,49.4466772342788,0.0,0.0
egg_rough_styrofoam_t2,0.0,0.0,0.0,0.0,0.0,44.3886715643711,3016.5327953366073,8.157653550663959,0.0,0.0
egg_rough_styrofoam_t3,0.0,0.0,0.0,0.0,0.0,41.73180452766116,3148.217775375713,12.767642098098644,0.0,0.0
egg_rough_styrofoam_t4,0.0,0.0,0.0,0.0,0.0,91.5323233521372,3016.657943696662,20.908163617471924,0.0,0.0
egg_rough_styrofoam_t5,0.0,0.0,0.0,0.0,0.0,69.40367636535699,3103.07582645664,12.608033983580867,0.0,0.0
egg_smooth_styrofoam_t1,0.0,0.0,0.0,0.0,0.0,78.72459522186637,3247.2036489088805,20.889988835638537,0.0,0.0
egg_smooth_styrofoam_t2,0.0,0.0,0.0,0.0,0.0,86.95971725224165,3390.745262375766,43.22680668326311,0.0,0.0
egg_smooth_styrofoam_t3,0.0,0.0,0.0,0.0,0.0,68.10999730932495,3270.137783297946,12.699263654670629,0.0,0.0
egg_smooth_styrofoam_t4,0.0,43.80752244506242,4.96952815585211,0.0,0.0,57.71947357716082,3024.0403165083685,18.685014893481828,2.1233560158390774,7.635329395047835
egg_smooth_styrofoam_t5,0.0,0.0,0.0,0.0,0.0,48.32426093895405,3313.8689435278343,14.64638051529807,0.0,0.0
egg_wood_t1,0.0,0.0,0.0,0.0,0.0,88.4414405717281,3635.2892767603003,35.30491028445197,0.0,0.0
egg_wood_t2,0.0,23.022888239369145,0.0,0.0,0.0,67.61038239019472,3556.8828341535695,25.07050348021039,0.0,0.0
egg_wood_t3,0.0,0.0,0.0,0.0,0.0,53.949575781104855,3437.2493720548755,18.30266877595688,0.0,0.0
egg_wood_t4,0.0,0.0,0.0,0.0,0.0,78.77556085540469,3432.5418329056492,50.62347179584249,0.0,0.0
egg_wood_t5,0.0,58.94828061771337,0.0,0.0,0.0,87.66099838087166,3376.5633518498958,35.05604049160284,0.0,0.0
medicine_ampicillin_t1,0.0,0.0,0.0,0.0,0.0,38.14768206530626,2879.5954735469554,20.650765929597988,0.0,0.0
medicine_ampicillin_t2,0.0,0.0,0.0,0.0,0.0,54.19499183190295,2792.221222642942,19.074959423244955,0.0,0.0
medicine_ampicillin_t3,0.0,0.0,0.0,0.0,0.0,37.09320865362295,2879.6991684607783,10.42058067633923,0.0,0.0
medicine_ampicillin_t4,0.0,0.0,0.0,0.0,0.0,60.885624708926684,2876.4665348104368,23.09130416229196,0.0,0.0
medicine_ampicillin_t5,0.0,0.0,0.0,0.0,0.0,68.62669260588628,2867.0141701283937,22.84049944629317,0.0,0.0
medicine_aspirin_t1,0.0,0.0,0.0,0.0,0.0,58.12530493971972,2412.9578728076895,22.55858693396678,0.0,0.0
medicine_aspirin_t2,0.0,0.0,0.0,0.0,0.0,64.82422978935153,2597.5262780496805,25.34912855068403,0.0,0.0
medicine_aspirin_t3,0.0,0.0,0.0,0.0,0.0,49.03217328336013,2577.164354091787,22.922460760319126,0.0,0.0
medicine_aspirin_t4,0.0,0.0,0.0,0.0,0.0,85.65697918323663,2473.33459102779,18.827455878487275,0.0,0.0
medicine_aspirin_t5,0.0,0.0,0.0,0.0,0.0,106.99061831560721,2709.0604097852793,47.99448227443111,0.0,0.0
medicine_bilberry_extract_t1,0.0,0.0,0.0,0.0,0.0,55.31969021375469,2672.2487487353355,8.132720409786117,0.0,0.0
medicine_bilberry_extract_t2,0.0,0.0,0.0,0.0,0.0,61.59701936375886,2909.8585781612387,32.95447589736635,0.0,0.0
medicine_bilberry_extract_t3,0.0,0.0,0.0,0.0,0.0,65.41353606324525,2770.0513248307993,37.596996598004395,0.0,0.0
medicine_bilberry_extract_t4,0.0,0.0,0.0,0.0,0.0,67.1127992962943,2696.9290311615005,31.166528021761895,0.0,0.0
medicine_bilberry_extract_t5,0.0,0.0,0.0,0.0,0.0,33.89874967132068,2948.4147494915323,32.996702456765554,0.0,0.0
medicine_calcium_t1,0.0,0.0,0.0,0.0,0.0,78.22496030676126,3003.190830898205,18.71807425271421,0.0,0.0
medicine_calcium_t2,0.0,0.0,0.0,0.0,0.0,48.686956888901896,3071.573975406515,27.046815310758937,0.0,0.0
medicine_calcium_t3,0.0,0.0,0.0,0.0,0.0,44.66903967997914,2889.895120347162,29.214295036841833,0.0,0.0
medicine_calcium_t4,0.0,0.0,0.0,0.0,0.0,68.04134562383972,2823.7558190066998,30.634317933064974,0.0,0.0
medicine_calcium_t5,0.0,0.0,0.0,0.0,0.0,42.5534880694691,3020.572793328075,18.550371226514777,0.0,0.0
medicine_flaxseed_oil_t1,0.0,0.0,0.0,0.0,0.0,88.10534553525333,3115.7105351261953,64.62994760122393,0.0,0.0
medicine_flaxseed_oil_t2,0.0,0.0,0.0,0.0,0.0,56.65208751929096,3150.901777902749,45.828770600991476,0.0,0.0
medicine_flaxseed_oil_t3,0.0,0.0,0.0,0.0,0.0,48.351891134999875,2949.72129192675,10.271175525571035,0.0,0.0
medicine_flaxseed_oil_t4,0.0,0.0,0.0,0.0,0.0,44.48421006601786,3146.351079133538,14.24478125747982,0.0,0.0
medicine_flaxseed_oil_t5,0.0,0.0,0.0,0.0,0.0,76.29343015127507,2931.402833071816,14.748688979153883,0.0,0.0
pasta_pipette_t1,0.0,0.0,0.0,0.0,0.0,50.936123785727354,4162.118522639393,52.0670016211981,0.0,0.0
pasta_pipette_t2,0.0,0.0,0.0,0.0,0.0,51.72277595906637,4049.017944233182,62.15944158613388,0.0,0.0
pasta_pipette_t3,0.0,0.0,0.0,0.0,0.0,74.37911790582083,4078.0074805404984,37.89844808441462,0.0,0.0
pasta_pipette_t4,0.0,0.0,0.0,0.0,0.0,37.14512289394626,4197.677527763482,41.90056752568293,0.0,0.0
pasta_pipette_t5,0.0,0.0,0.0,0.0,0.0,69.5344619364842,4018.8782549034395,35.31357544530224,0.0,0.0
cup_paper_green_t1,0.0,0.0,0.0,0.0,0.0,48.47851076923405,3129.571467641114,12.343033892567405,0.0,0.0
cup_paper_green_t2,0.0,0.0,0.0,0.0,0.0,69.90985567343596,3181.929126428549,37.45021955618749,0.0,0.0
cup_paper_green_t3,0.0,0.0,0.0,0.0,0.0,50.11503637079575,3393.6637561182306,18.490968864361598,0.0,0.0
cup_paper_green_t4,0.0,0.0,0.0,0.0,0.0,48.15631985011726,3266.423944662399,22.443511196698406,0.0,0.0
cup_paper_green_t5,0.0,0.0,0.0,0.0,0.0,55.62102309127335,2971.702889328761,41.865038725929175,0.0,0.0
cup_yellow_t1,0.0,0.0,0.0,0.0,0.0,69.59998969849576,2909.700913892414,37.182592811682646,0.0,0.0
cup_yellow_t2,0.0,0.0,0.0,0.0,0.0,66.71868601745585,2965.8930192092025,12.410733238985515,0.0,0.0
cup_yellow_t3,0.0,0.0,0.0,0.0,0.0,54.015173562156875,2917.0261329275113,20.64108799651992,0.0,0.0
cup_yellow_t4,0.0,0.0,0.0,0.0,0.0,42.5425643766634,3027.4925735149172,8.280020579796767,0.0,0.0
cup_yellow_t5,0.0,0.0,0.0,0.0,0.0,67.20839693094986,2962.7782471847936,26.905671679090396,0.0,0.0
cup_blue_t1,0.0,0.0,0.0,0.0,0.0,64.30807440768922,3156.3934810784676,43.44910802236303,0.0,0.0
cup_blue_t2,0.0,0.0,0.0,0.0,0.0,66.79621976476766,3192.2183000249156,31.64111865723045,0.0,0.0
cup_blue_t3,0.0,0.0,0.0,0.0,0.0,77.05933325393418,3125.4292483421527,18.473056882092987,0.0,0.0
cup_blue_t4,0.0,0.0,0.0,0.0,0.0,55.96253169301064,3406.8092588285685,33.924372998457834,0.0,0.0
cup_blue_t5,0.0,0.0,0.0,0.0,0.0,71.41692773930737,3414.290787997436,43.20962947973053,0.0,0.0
cup_isu_t1,0.0,0.0,0.0,0.0,0.0,48.51803539710587,3035.6992022796403,12.300899794230464,0.0,0.0
cup_isu_t2,0.0,0.0,0.0,0.0,0.0,61.80116448473148,3029.7481865901636,14.652096002558196,0.0,0.0
cup_isu_t3,0.0,0.0,0.0,0.0,0.0,42.419886211987915,3060.771110005222,28.871127997555813,0.0,0.0
cup_isu_t4,0.0,0.0,0.0,0.0,0.0,31.232100360921535,3067.0403233681877,12.398319721136852,0.0,0.0
cup_isu_t5,0.0,0.0,0.0,0.0,0.0,54.622412522286645,2965.0974202653892,26.46311977822271,0.0,0.0
cup_metal_t1,0.0,0.0,0.0,0.0,0.0,50.42077033425292,2794.3969647422246,33.866380219282135,0.0,0.0
cup_metal_t2,0.0,0.0,0.0,0.0,0.0,40.91393669337757,3039.767515125793,8.316744483498013,0.0,0.0
cup_metal_t3,0.0,0.0,0.0,0.0,0.0,47.15527204889171,3190.4698911141786,18.606980762497496,0.0,0.0
cup_metal_t4,0.0,0.0,0.0,0.0,0.0,69.53154931929912,2837.047034436779,31.014203026345115,0.0,0.0
cup_metal_t5,0.0,0.0,0.0,0.0,0.0,40.3538899165815,3134.2494256288055,16.42878371613501,0.0,0.0
eggcoloringcup_blue_t1,0.0,0.0,0.0,0.0,0.0,37.3562169294533,3039.5468224541173,16.25600487412298,0.0,0.0
eggcoloringcup_blue_t2,0.0,0.0,0.0,0.0,0.0,49.920023632393956,3047.5666857257743,20.893514291388417,0.0,0.0
eggcoloringcup_blue_t3,14.361425916757026,49.75857032129113,10.551686944771731,0.0,0.0,102.3887411827739,3018.742393518113,50.12204740094912,0.0,0.0
eggcoloringcup_blue_t4,0.0,0.0,0.0,0.0,0.0,147.84870199604921,2879.606669667968,71.63236887161335,0.0,0.0
eggcoloringcup_blue_t5,0.0,0.0,0.0,0.0,0.0,44.30959334674244,3077.7038924580665,34.97997609680292,0.0,0.0
eggcoloringcup_green_t1,0.0,0.0,0.0,0.0,0.0,32.97761031088775,2838.7316018707293,18.54122719833559,0.0,0.0
eggcoloringcup_green_t2,0.0,0.0,0.0,0.0,0.0,54.91059014931738,2961.5206341730236,18.32413304998913,0.0,0.0
eggcoloringcup_green_t3,0.0,0.0,0.0,0.0,0.0,74.11068174418367,3136.3047524368662,41.661368007567404,0.0,0.0
eggcoloringcup_green_t4,0.0,0.0,0.0,0.0,0.0,58.621721317716165,3226.798956102089,30.512755851243984,0.0,0.0
eggcoloringcup_green_t5,0.0,0.0,0.0,0.0,0.0,50.94305212705536,3242.7399696136154,26.98277258461051,0.0,0.0
eggcoloringcup_orange_t1,0.0,0.0,0.0,0.0,0.0,39.476621499370246,3089.7360051983565,12.420586148626107,0.0,0.0
eggcoloringcup_orange_t2,0.0,0.0,0.0,0.0,0.0,39.97385403806503,3097.6761427159677,22.602976695270847,0.0,0.0
eggcoloringcup_orange_t3,0.0,0.0,0.0,0.0,0.0,36.26982024151658,3163.437619563248,12.184258035619218,0.0,0.0
eggcoloringcup_orange_t4,0.0,0.0,0.0,0.0,0.0,75.71169782342889,3080.9277132139355,33.47975572308591,0.0,0.0
eggcoloringcup_orange_t5,0.0,0.0,0.0,0.0,0.0,55.00965277953884,3065.1124810863494,16.30989751676241,0.0,0.0
eggcoloringcup_pink_t1,0.0,0.0,0.0,0.0,0.0,41.764695918677404,3062.9050435895174,12.239483973068271,0.0,0.0
eggcoloringcup_pink_t2,0.0,0.0,0.0,0.0,0.0,35.82595092446844,3042.0158632262555,8.149044469368476,0.0,0.0
eggcoloringcup_pink_t3,0.0,0.0,0.0,0.0,0.0,75.28892935725949,2903.538164173109,32.822170961731544,0.0,0.0
eggcoloringcup_pink_t4,0.0,0.0,0.0,0.0,0.0,62.41519565629008,2991.1965140384486,10.261227521543667,0.0,0.0
eggcoloringcup_pink_t5,0.0,0.0,0.0,0.0,0.0,39.219091597743656,2995.5985248431484,14.452556417757,0.0,0.0
eggcoloringcup_yellow_t1,0.0,0.0,0.0,0.0,0.0,29.84539313348154,3201.4036910417403,8.225739204195778,0.0,0.0
eggcoloringcup_yellow_t2,0.0,0.0,0.0,0.0,0.0,52.15213396834847,3123.2084333133944,10.222187536291816,0.0,0.0
eggcoloringcup_yellow_t3,0.0,0.0,0.0,0.0,0.0,73.88490164763972,2893.8694294075126,25.21816297119644,0.0,0.0
eggcoloringcup_yellow_t4,0.0,0.0,0.0,0.0,0.0,85.43116142515633,3395.17357886359,44.95519789517956,0.0,0.0
eggcoloringcup_yellow_t5,0.0,0.0,0.0,0.0,0.0,47.13257182770658,3157.0862196036674,20.500408730097085,0.0,0.0
egg_cardboard_t1,0.0,0.0,0.0,0.0,0.0,62.64407759601811,3314.2498674729363,38.88448600749863,0.0,0.0
egg_cardboard_t2,0.0,0.0,0.0,0.0,0.0,42.15468312492509,3236.0229417930777,30.743012086836416,0.0,0.0
egg_cardboard_t3,0.0,0.0,0.0,0.0,0.0,75.69807978753624,3116.339415285788,61.96088001846483,0.0,0.0
egg_cardboard_t4,0.0,0.0,0.0,0.0,0.0,48.007350052270425,3329.4127219290117,29.56134486076457,0.0,0.0
egg_cardboard_t5,0.0,0.0,0.0,0.0,0.0,54.12559116791509,3166.9475851554585,28.858725005362047,0.0,0.0
egg_plastic_wrap_t1,0.0,0.0,0.0,0.0,0.0,77.64094659677663,2954.923781679851,35.486495604172305,0.0,0.0
egg_plastic_wrap_t2,0.0,0.0,0.0,0.0,0.0,62.9094757379351,2875.3112279423262,14.530769157094204,0.0,0.0
egg_plastic_wrap_t3,0.0,0.0,0.0,0.0,0.0,36.4044229898025,3045.0828521848193,24.558610870836578,0.0,0.0
egg_plastic_wrap_t4,0.0,0.0,0.0,0.0,0.0,79.67832204084851,2987.8683127733725,41.174672586765524,0.0,0.0
egg_plastic_wrap_t5,0.0,0.0,0.0,0.0,0.0,70.75669736425606,2973.5525399822627,46.813978172721704,0.0,0.0
can_arizona_t1,0.0,0.0,0.0,0.0,0.0,83.242838737949,2739.555486169822,37.447987111711306,0.0,0.0
can_arizona_t2,0.0,0.0,0.0,0.0,0.0,82.73997399310207,3076.359518074398,16.729177221385598,0.0,0.0
can_arizona_t3,0.0,0.0,0.0,0.0,0.0,40.280546953608045,3031.876635852806,25.242002313551634,0.0,0.0
can_arizona_t4,0.0,0.0,0.0,0.0,0.0,70.2982447569052,2823.33798348617,62.31513842713487,0.0,0.0
can_arizona_t5,0.0,0.0,0.0,0.0,0.0,86.88569187139983,2816.208061067457,46.62478058470067,0.0,0.0
can_coke_t1,0.0,0.0,0.0,0.0,0.0,46.90825838399759,2833.9297387315078,12.578633874027615,0.0,0.0
can_coke_t2,0.0,0.0,0.0,0.0,0.0,69.61880886778864,2627.459929875511,18.635006822927586,0.0,0.0
can_coke_t3,0.0,0.0,0.0,0.0,0.0,74.73266582045261,2641.509054215916,29.882085678737905,0.0,0.0
can_coke_t4,0.0,0.0,0.0,0.0,0.0,71.39227646320187,2734.2765841974197,54.559080470621666,0.0,0.0
can_coke_t5,0.0,0.0,0.0,0.0,0.0,57.62663484451756,2704.660972730463,4.2455193777690265,0.0,0.0
can_red_bull_large_t1,0.0,0.0,0.0,0.0,0.0,86.42807570025312,2884.2450891459675,37.51059948272648,0.0,0.0
can_red_bull_large_t2,0.0,0.0,0.0,0.0,0.0,35.52637803819746,2756.4653733195387,8.608678594734485,0.0,0.0
can_red_bull_large_t3,0.0,0.0,0.0,0.0,0.0,46.1608505345041,2668.752026887968,12.826293385055568,0.0,0.0
can_red_bull_large_t4,0.0,0.0,0.0,0.0,0.0,94.15868110351543,2649.8864771142876,28.83727738764089,0.0,0.0
can_red_bull_large_t5,0.0,0.0,0.0,0.0,0.0,47.57200402969962,2527.772010338755,22.79705092583354,0.0,0.0
can_red_bull_small_t1,0.0,0.0,0.0,0.0,0.0,48.4825673280383,2695.092548673884,26.611893749181124,0.0,0.0
can_red_bull_small_t2,0.0,0.0,0.0,0.0,0.0,49.76604964464241,2794.8406046208383,14.371791819745363,0.0,0.0
can_red_bull_small_t3,0.0,0.0,0.0,0.0,0.0,76.09918910780401,2507.305971610415,35.398275939356836,0.0,0.0
can_red_bull_small_t4,0.0,0.0,0.0,0.0,0.0,68.85124343350921,2598.8646089990875,32.68347855243645,0.0,0.0
can_red_bull_small_t5,0.0,0.0,0.0,0.0,0.0,53.16798117941515,2665.1938125585943,28.66334094081808,0.0,0.0
can_starbucks_t1,0.0,0.0,0.0,0.0,0.0,58.66346332333865,2665.914790555357,12.58764841000868,0.0,0.0
can_starbucks_t2,0.0,0.0,0.0,0.0,0.0,44.35332717152461,2936.517145412012,32.94790321006809,0.0,0.0
can_starbucks_t3,0.0,0.0,0.0,0.0,0.0,56.127601566078745,2694.5952614811276,51.891099858601635,0.0,0.0
can_starbucks_t4,0.0,0.0,0.0,0.0,0.0,37.1253353858204,2762.534946233993,68.05312586919604,0.0,0.0
can_starbucks_t5,0.0,0.0,0.0,0.0,0.0,65.73288286989616,2837.9944941007507,31.421427317458413,0.0,0.0
cone_1_t1,0.0,0.0,0.0,0.0,0.0,51.70381996434907,2773.314868148471,24.783350688486998,0.0,0.0
cone_1_t2,0.0,0.0,0.0,0.0,0.0,41.29435341120737,2895.3078773233037,22.323683906800202,0.0,0.0
cone_1_t3,0.0,0.0,0.0,0.0,0.0,63.34402844052892,2743.040489241733,31.114625523218432,0.0,0.0
cone_1_t4,0.0,0.0,0.0,0.0,0.0,65.69304892667049,2644.2892588023865,31.490349306854988,0.0,0.0
cone_1_t5,0.0,0.0,0.0,0.0,0.0,85.2636102523992,2820.064921437671,37.552686100510066,0.0,0.0
cone_2_t1,0.0,0.0,0.0,0.0,0.0,46.57748732240146,2790.76538884217,14.569620591589834,0.0,0.0
cone_2_t2,0.0,0.0,0.0,0.0,0.0,60.70754395490386,2792.0250907507516,22.57704686137469,0.0,0.0
cone_2_t3,0.0,0.0,0.0,0.0,0.0,42.34279279335042,2952.7853612319573,26.530538416954602,0.0,0.0
cone_2_t4,0.0,0.0,0.0,0.0,0.0,61.46072061417098,2899.019532858171,22.661073604722922,0.0,0.0
cone_2_t5,0.0,0.0,0.0,0.0,0.0,44.26382372294835,2840.3998110947164,14.253432329265578,0.0,0.0
cone_3_t1,0.0,0.0,0.0,0.0,0.0,61.43168537456085,3058.9331983285942,10.269644671091996,0.0,0.0
cone_3_t2,0.0,0.0,0.0,0.0,0.0,55.12562713372199,3569.8520940228973,32.458025553260406,0.0,0.0
cone_3_t3,0.0,0.0,0.0,0.0,0.0,72.87119513449954,3813.005800839686,24.715653751709315,0.0,0.0
cone_3_t4,0.0,0.0,0.0,0.0,0.0,63.92491389290812,3563.094883512147,39.7223134249688,0.0,0.0
cone_3_t5,0.0,0.0,0.0,0.0,0.0,68.08494185166289,3813.5653164839537,30.87094828113026,0.0,0.0
cone_4_t1,0.0,0.0,0.0,0.0,0.0,99.04643537218337,3826.1720754076096,77.73721776033854,0.0,0.0
cone_4_t2,0.0,0.0,0.0,0.0,0.0,108.29638515794774,3929.8387883160876,57.59079293715061,0.0,0.0
cone_4_t3,0.0,0.0,0.0,0.0,0.0,90.53590717579588,4115.616376156764,56.864856538223556,0.0,0.0
cone_4_t4,0.0,0.0,0.0,0.0,0.0,97.09752196953754,3967.509716581786,59.8751352556119,0.0,0.0
cone_4_t5,0.0,0.0,0.0,0.0,0.0,87.71028718973548,4199.708537526216,55.67223831640862,0.0,0.0
cone_5_t1,0.0,0.0,0.0,0.0,0.0,117.47552833048107,4518.079437597585,113.42398846059159,0.0,0.0
cone_5_t2,0.0,0.0,0.0,0.0,0.0,113.24822221402371,4873.355265638172,114.35562454079488,0.0,0.0
cone_5_t3,0.0,0.0,0.0,0.0,0.0,89.64417770872345,4363.8685067084,39.89441144311817,0.0,0.0
cone_5_t4,0.0,0.0,0.0,0.0,0.0,153.5382429176565,4456.05746677385,107.69356104753558,0.0,0.0
cone_5_t5,0.0,0.0,0.0,0.0,0.0,115.13623518996084,4763.701746179707,79.04642096382412,0.0,0.0
bottle_fuse_t1,0.0,0.0,0.0,0.0,0.0,63.13370867271363,3346.39015368519,18.244033879641176,0.0,0.0
bottle_fuse_t2,0.0,0.0,0.0,0.0,0.0,56.976721590947704,3070.2622634911186,31.21431154669133,0.0,0.0
bottle_fuse_t3,0.0,0.0,0.0,0.0,0.0,68.18680416979001,3595.16425884385,24.61152967125163,0.0,0.0
bottle_fuse_t4,0.0,0.0,0.0,0.0,0.0,59.217766540899724,3514.0412243510677,37.31933411642494,0.0,0.0
bottle_fuse_t5,0.0,0.0,0.0,0.0,0.0,70.0073688917618,3562.196545386928,39.384375714553926,0.0,0.0
bottle_google_t1,0.0,0.0,0.0,0.0,0.0,49.83880107747789,3185.760835640701,14.66248104215697,0.0,0.0
bottle_google_t2,0.0,0.0,0.0,0.0,0.0,55.164683010436526,3222.062221547437,43.70991200198022,0.0,0.0
bottle_google_t3,0.0,0.0,0.0,0.0,0.0,80.26589829185956,3087.7255233042993,37.43484760598935,0.0,0.0
bottle_google_t4,0.0,0.0,0.0,0.0,0.0,66.33781262891239,3100.5040587922367,14.690934943319048,0.0,0.0
bottle_google_t5,0.0,0.0,0.0,0.0,0.0,49.95522062900899,3272.6850305268645,26.9379741283295,0.0,0.0
bottle_green_t1,0.0,0.0,0.0,0.0,0.0,65.80180667051987,3637.068405461626,16.30467163371,0.0,0.0
bottle_green_t2,0.0,0.0,0.0,0.0,0.0,43.80848587481476,3741.478922629739,24.82850382952345,0.0,0.0
bottle_green_t3,0.0,0.0,0.0,0.0,0.0,33.367435538065045,3704.832185373933,20.616319362751945,0.0,0.0
bottle_green_t4,0.0,0.0,0.0,0.0,0.0,70.8905768774054,3459.530714102105,31.41444579360581,0.0,0.0
bottle_green_t5,0.0,0.0,0.0,0.0,0.0,58.640980349366764,3602.6774377716342,8.405805640787932,0.0,0.0
bottle_red_t1,0.0,0.0,0.0,0.0,0.0,70.1487959674277,3387.0231924848717,35.753788169344816,0.0,0.0
bottle_red_t2,0.0,0.0,0.0,0.0,0.0,44.80879164613376,3481.80339598696,24.89974502419003,0.0,0.0
bottle_red_t3,0.0,0.0,0.0,0.0,0.0,62.257489250567964,3210.918899408206,14.340681653631304,0.0,0.0
bottle_red_t4,0.0,0.0,0.0,0.0,0.0,75.98548293362637,3258.4917501750792,22.96888368512982,0.0,0.0
bottle_red_t5,0.0,0.0,0.0,0.0,0.0,58.472181741121396,3611.8434113675744,33.11306311724882,0.0,0.0
bottle_sobe_t1,0.0,0.0,0.0,0.0,0.0,42.17721584033891,3283.9339396052555,6.379556822522471,0.0,0.0
bottle_sobe_t2,0.0,0.0,0.0,0.0,0.0,52.28469234205522,2994.9465320842933,56.810194876879955,0.0,0.0
bottle_sobe_t3,0.0,0.0,0.0,0.0,0.0,64.6559810661535,3233.594010422716,37.260614670852675,0.0,0.0
bottle_sobe_t4,0.0,0.0,0.0,0.0,0.0,76.09075038132744,3028.743485578615,25.104470168493833,0.0,0.0
bottle_sobe_t5,0.0,0.0,0.0,0.0,0.0,74.55077138638953,3169.624706105816,20.994410976326165,0.0,0.0
cannedfood_chili_t1,0.0,0.0,0.0,0.0,0.0,72.36957130349496,3001.183732328089,36.828538360738705,0.0,0.0
cannedfood_chili_t2,0.0,0.0,0.0,0.0,0.0,102.05620353949621,2741.612301513863,33.82252116445581,0.0,0.0
cannedfood_chili_t3,0.0,0.0,0.0,0.0,0.0,69.20211817801069,2772.4973330928124,33.26885652311536,0.0,0.0
cannedfood_chili_t4,0.0,0.0,0.0,0.0,0.0,41.600938703831076,2803.2915815785705,4.047883090140385,0.0,0.0
cannedfood_chili_t5,0.0,0.0,0.0,0.0,0.0,91.09630629917486,2883.244561104833,51.21310712153625,0.0,0.0
cannedfood_cowboy_cookout_t1,0.0,0.0,0.0,0.0,0.0,60.31761758006611,2764.3019466597325,10.273698749092823,0.0,0.0
cannedfood_cowboy_cookout_t2,0.0,0.0,0.0,0.0,0.0,74.19646445434321,2714.6382600767856,35.530583682311885,0.0,0.0
cannedfood_cowboy_cookout_t3,0.0,0.0,0.0,0.0,0.0,65.4059601896611,2657.5128214666265,18.818894750652976,0.0,0.0
cannedfood_cowboy_cookout_t4,0.0,0.0,0.0,0.0,0.0,55.511595505761235,2791.3239143313926,14.871221520446392,0.0,0.0
cannedfood_cowboy_cookout_t5,0.0,0.0,0.0,0.0,0.0,81.61999503610886,2866.756986469981,49.64706194609235,0.0,0.0
cannedfood_soup_t1,0.0,0.0,0.0,0.0,0.0,74.10046632719136,2757.0800523897406,27.19506265215446,0.0,0.0
cannedfood_soup_t2,0.0,0.0,0.0,0.0,0.0,54.05413534664955,2736.3768916162608,20.617294716096698,0.0,0.0
cannedfood_soup_t3,0.0,0.0,0.0,0.0,0.0,48.255427974319105,2664.4937498181675,4.312940710991597,0.0,0.0
cannedfood_soup_t4,0.0,0.0,0.0,0.0,0.0,41.9638490765334,2768.692672874222,14.482622722439787,0.0,0.0
cannedfood_soup_t5,0.0,0.0,0.0,0.0,0.0,73.647701686122,2986.8896391136886,24.681269543360887,0.0,0.0
cannedfood_tomatoes_t1,0.0,0.0,0.0,0.0,0.0,58.40431440212321,2556.8401696514393,12.253415946122967,0.0,0.0
cannedfood_tomatoes_t2,0.0,0.0,0.0,0.0,0.0,68.03905314855614,2693.6315357343005,16.542873155698917,0.0,0.0
cannedfood_tomatoes_t3,0.0,0.0,0.0,0.0,0.0,80.36828626472526,2670.0386791124693,33.92809203805698,0.0,0.0
cannedfood_tomatoes_t4,0.0,0.0,0.0,0.0,0.0,73.35602489939122,2749.019811465982,25.94888873115661,0.0,0.0
cannedfood_tomatoes_t5,0.0,0.0,0.0,0.0,0.0,74.20460632047057,2747.698155592245,6.165402028718654,0.0,0.0
cannedfood_tomato_paste_t1,0.0,0.0,0.0,0.0,0.0,69.9319348024431,2656.9259537749717,16.592515373600065,0.0,0.0
cannedfood_tomato_paste_t2,0.0,0.0,0.0,0.0,0.0,44.65748074849,2574.6464495008177,16.312083279608196,0.0,0.0
cannedfood_tomato_paste_t3,0.0,0.0,0.0,0.0,0.0,61.446606742118355,2533.58641820763,24.949874336167287,0.0,0.0
cannedfood_tomato_paste_t4,0.0,0.0,0.0,0.0,0.0,44.748754353640386,2459.6876542781692,14.576567413200308,0.0,0.0
cannedfood_tomato_paste_t5,0.0,0.0,0.0,0.0,0.0,61.516622021562036,2668.2256195208224,4.113556969128666,0.0,0.0
