ball_base_t1,0.0,0.0,0.0,0.0,21.31833349152378,364.79223870743465,5050.258943492538,392.4762029216227,0.0,0.0
ball_base_t2,2.5019382753377433,57.59744869599485,4.798771385630097,0.0,8.450561067604507,435.2518136916764,5735.096764164417,357.21570659734914,12.808118386188488,0.0
ball_base_t3,0.0,0.0,0.0,0.0,7.3135511791655805,386.4454501966257,4379.8924049324005,381.0750579994873,0.0,0.0
ball_base_t4,0.0,0.0,0.0,0.0,0.0,410.82124809777355,4184.879058021931,388.37544790818055,0.0,0.0
ball_base_t5,11.314678837034727,55.43292606984156,3.2290691554068647,2.3338565787125822,0.0,430.8237582659061,4394.730370880615,372.63385321124457,6.522707970283599,3.2290691554068647
ball_basket_t1,0.0,49.51292167801375,0.0,0.0,0.0,505.6353120795645,5564.528824134801,368.5205021383981,0.0,0.0
ball_basket_t2,0.0,0.0,0.0,0.0,13.73307538582111,340.02679151444846,4419.404102750004,317.8196526105188,0.0,0.0
ball_basket_t3,0.0,0.0,0.0,0.0,0.0,490.5421665683897,5180.614071374818,389.5046438688663,0.0,0.0
ball_basket_t4,0.0,0.0,0.0,0.0,0.0,473.8397537585751,5137.790509311981,394.5355718291308,0.0,0.0
ball_basket_t5,0.0,0.0,0.0,0.0,0.0,311.5700278508898,4219.768216442023,298.680972680889,0.0,0.0
ball_blue_t1,0.0,0.0,0.0,0.0,2.9990160011795353,354.0326964201302,4326.11605416824,332.6324437635249,0.0,0.0
ball_blue_t2,0.0,0.0,0.0,0.0,17.012467525152292,371.4409731181008,4951.652051688166,334.39040310847633,0.0,0.0
ball_blue_t3,0.0,4.541821833998787,0.0,0.0,0.0,397.49537547826225,4857.066835466552,380.14466407985,0.0,0.0
ball_blue_t4,0.0,151.94519468411212,0.0,0.0,17.197381740458066,447.4861820849564,4254.658074616739,423.86659223893673,0.0,0.0
ball_blue_t5,0.0,27.76797457740742,0.0,0.0,9.557527229343016,439.31386282591836,4172.749099859267,327.6641160250234,0.0,0.0
ball_transparent_t1,0.0,14.146643962882607,0.0,0.0,6.13373165428491,433.3183008285501,5237.305661394213,329.6722450577766,0.0,0.0
ball_transparent_t2,2.563175276176017,63.18350028921393,14.377322813745831,0.0,3.1007293306736723,440.5842554939854,5052.79460827398,371.8675581398829,13.658793282827315,6.977913545290521
ball_transparent_t3,0.0,25.76808902069699,4.311249345332907,0.0,0.0,419.2925569037787,5064.603567666834,385.3541718783666,12.234089205582872,0.0
ball_transparent_t4,0.0,0.0,0.0,0.0,5.07864898588441,573.6677083514833,5236.283885320608,388.07388612357886,0.0,0.0
ball_transparent_t5,2.172540800537472,7.3165656808768,0.0,0.0,2.3232558803541203,396.24260612554855,4576.907223896201,330.75094355446186,17.131908207794492,0.0
ball_yellow_purple_t1,26.43009330116581,236.90582619283234,60.44020937259318,0.0,7.1979887541799545,464.9911427069388,5452.6906979856585,393.51964157531694,12.067543106698853,17.196866189669784
ball_yellow_purple_t2,0.0,10.691001119252126,0.0,0.0,5.664693875510521,314.4000346712024,4130.306927007321,270.15046835352166,0.0,0.0
ball_yellow_purple_t3,33.30129604803768,112.12184999183413,18.09157021826105,0.0,4.539530145521671,488.4705008258929,5307.457272499118,377.12692332672685,0.0,11.07113680860408
ball_yellow_purple_t4,28.559194689614753,138.7414255091672,26.2306181644736,0.0,4.5539067859097155,550.3022692127859,5446.437245529908,467.95260210733903,0.0,0.0
ball_yellow_purple_t5,17.834944927405232,47.45064658603766,6.586727566690378,0.0,0.0,406.8975058647185,4444.047409710086,313.7668361283443,0.0,13.144996967533668
basket_cylinder_t1,0.0,0.0,0.0,0.0,0.0,291.3528353869529,5262.633278268717,195.44170044079902,0.0,0.0
basket_cylinder_t2,12.117894520062524,14.503953136801027,9.163952826684369,0.0,9.708339414208375,289.1119928625195,8018.425839077532,321.5187608903978,0.0,0.0
basket_cylinder_t3,0.0,0.0,0.0,0.0,4.439700832668796,276.10113195793804,6782.515270212494,276.32773193153304,0.0,0.0
basket_cylinder_t4,0.0,0.0,0.0,0.0,0.0,314.19819008598256,7182.135685205762,274.0984067834961,0.0,0.0
basket_cylinder_t5,0.0,0.0,0.0,0.0,0.0,0.0,0.0,0.0,0.0,0.0
basket_funnel_t1,0.0,0.0,0.0,0.0,2.5807590224807897,251.24462655068047,6092.796634209751,265.1636846965427,0.0,0.0
basket_funnel_t2,0.0,0.0,0.0,0.0,3.2090753091948465,197.21347461060944,5147.922441669994,238.93214233850725,0.0,0.0
basket_funnel_t3,0.0,0.0,0.0,0.0,0.0,314.4812388786066,4962.648461101115,251.58843507359018,0.0,0.0
basket_funnel_t4,0.0,0.0,0.0,0.0,3.021213313051728,280.2873149648027,4743.82345809968,179.79086765309296,0.0,0.0
basket_funnel_t5,0.0,0.0,0.0,0.0,4.471145643161381,246.8515789055199,4102.742098867627,219.69176336765548,0.0,0.0
basket_green_t1,0.0,0.0,0.0,0.0,14.855536580507305,316.9495219944019,8833.10835677118,261.76885805002235,0.0,0.0
basket_green_t2,0.0,9.594448805952544,0.0,0.0,16.120903132887026,272.7103957020441,10664.86711108072,318.253923535029,0.0,0.0
basket_green_t3,0.0,0.0,0.0,0.0,17.4098310966639,261.08048278312896,9766.79818561628,256.8676404393909,0.0,0.0
basket_green_t4,0.0,0.0,0.0,0.0,4.571526719318613,226.47383664146187,9501.039238622736,260.95249270602113,0.0,0.0
basket_green_t5,0.0,0.0,0.0,0.0,21.05405577917649,289.3021056876362,10337.644880141712,313.6147750310866,0.0,0.0
basket_handle_t1,0.0,0.0,0.0,0.0,3.5388919104855407,376.87641916410325,5937.893786260676,270.8617045745691,0.0,0.0
basket_handle_t2,0.0,0.0,0.0,0.0,0.0,303.10185246670414,6084.897644894424,279.62645393891825,0.0,0.0
basket_handle_t3,0.0,0.0,0.0,0.0,8.30922413960543,300.30930889582567,5728.430960575416,186.74554682510154,0.0,0.0
basket_handle_t4,0.0,0.0,0.0,0.0,0.0,285.3800279429618,6825.642176707086,240.8284143390602,0.0,0.0
basket_handle_t5,0.0,0.0,0.0,0.0,7.551954841199887,362.6315359032823,5344.621704551489,246.10556315237892,0.0,0.0
basket_semicircle_t1,0.0,8.670394673129799,0.0,0.0,9.842346168224672,379.1579996623362,6206.9494951103725,218.38978447473124,0.0,0.0
basket_semicircle_t2,0.0,0.0,0.0,0.0,0.0,316.2213569048408,5810.4322240343945,180.99672183090414,0.0,0.0
basket_semicircle_t3,0.0,0.0,0.0,0.0,0.0,162.46032294690883,6091.678081602556,191.2893661756743,0.0,0.0
basket_semicircle_t4,0.0,0.0,0.0,0.0,27.73255043256838,327.4685312726897,6890.9849160158565,229.3814405849008,0.0,0.0
basket_semicircle_t5,0.0,0.0,0.0,0.0,18.866474601688527,159.28417541772572,5069.4527509154295,215.93881030366063,0.0,0.0
bigstuffedanimal_bear_t1,0.0,0.0,0.0,0.0,9.151471286045147,386.0837761941155,6834.238637711478,357.9017396845257,0.0,0.0
bigstuffedanimal_bear_t2,16.82012384172834,544.1127390098121,24.46801371311458,0.0,21.048821383692694,244.04199610979762,6492.49825286635,324.9709035193316,17.764112713667906,0.0
bigstuffedanimal_bear_t3,0.0,0.0,0.0,0.0,7.828629094761212,237.27210727449076,6633.781087169417,211.83035906039765,0.0,0.0
bigstuffedanimal_bear_t4,0.0,29.699784219553813,0.0,0.0,9.397338541789471,319.77836601589706,10328.300259482094,334.47262309310236,0.0,0.0
bigstuffedanimal_bear_t5,18.395861344384866,450.6736018616784,2.433774550466826,0.0,15.454209685332302,285.5066204653272,7900.2282875506635,299.5278499773462,0.0,0.0
bigstuffedanimal_bunny_t1,7.69421652168495,36.82644947493902,6.8469645402247945,0.0,17.37882343359077,308.4063556415131,9740.343341379934,289.3308820114651,0.0,0.0
bigstuffedanimal_bunny_t2,38.63077813784231,561.2658269478032,15.58842972376465,23.57812394314445,4.171278602836565,911.8180831328629,14413.365498639243,417.30689824247577,10.873859676743098,31.56263788152481
bigstuffedanimal_bunny_t3,13.95773129470633,123.91141597805384,0.0,0.0,9.085072439958855,660.4800924433035,12147.52733341373,347.1334561517079,0.0,0.0
bigstuffedanimal_bunny_t4,12.278966903281592,317.4100308188421,3.1142594705643907,33.133277149395006,13.077537383018772,587.1552680760472,13149.666368452134,495.3424598160803,36.86047777515748,23.67408595645557
bigstuffedanimal_bunny_t5,20.687366096078268,194.43803979173856,2.1028417509382393,0.0,23.706550106333907,762.3704334358684,13192.38794339347,393.1422969504718,4.475382755698109,0.0
bigstuffedanimal_frog_t1,0.0,0.0,0.0,0.0,0.0,206.7944539417697,8873.118486291669,299.85861172902946,0.0,0.0
bigstuffedanimal_frog_t2,2.014761603763582,75.41013604927853,0.0,0.0,4.917711771555955,319.43921223552974,11688.47783722502,255.8365061641485,0.0,0.0
bigstuffedanimal_frog_t3,0.0,0.0,0.0,0.0,0.0,423.60581264742274,16016.880543684994,501.0290746256669,0.0,0.0
bigstuffedanimal_frog_t4,0.0,24.545952087738627,0.0,0.0,17.868626577770595,372.7711851182189,11707.559444247394,399.3433230877138,0.0,0.0
bigstuffedanimal_frog_t5,0.0,0.0,0.0,0.0,0.0,305.11593172846574,5699.1407907189605,166.28451828862896,0.0,0.0
bigstuffedanimal_pink_dog_t1,0.0,0.0,0.0,0.0,8.60110380513812,260.5925702855661,12897.887780121424,343.4856596000779,0.0,0.0
bigstuffedanimal_pink_dog_t2,0.0,0.0,0.0,0.0,0.0,236.59764067870609,10492.095335510101,274.830961181563,0.0,0.0
bigstuffedanimal_pink_dog_t3,0.0,6.644616779013569,0.0,0.0,17.545470725533463,319.0814690598361,11146.857945853946,324.2593372071543,0.0,0.0
bigstuffedanimal_pink_dog_t4,0.0,0.0,0.0,0.0,31.144490415084277,262.6921088635912,8113.738847004811,278.4392423288848,0.0,0.0
bigstuffedanimal_pink_dog_t5,0.0,0.0,0.0,0.0,14.767307049079921,284.2626258681893,9867.514013106074,429.93993528938955,0.0,0.0
bigstuffedanimal_tan_dog_t1,0.0,5.415194021501164,0.0,0.0,2.443525086509242,356.5655551311288,6024.592389539787,290.2564666460842,0.0,0.0
bigstuffedanimal_tan_dog_t2,0.0,0.0,0.0,0.0,11.802952961869615,434.59273061032,9407.215085705157,341.7995908092822,0.0,0.0
bigstuffedanimal_tan_dog_t3,7.521486364158853,568.846685522745,23.46390846771906,0.0,6.771028463966049,411.27375996107725,8078.603858995161,304.0866375507982,0.0,0.0
bigstuffedanimal_tan_dog_t4,29.107205752860477,580.8832897223408,15.19868058169487,0.0,0.0,304.57531756789973,8558.262421354368,389.37261100798116,0.0,0.0
bigstuffedanimal_tan_dog_t5,0.0,0.0,0.0,0.0,0.0,146.26430075389658,4367.412865828862,131.5848551571313,0.0,0.0
tupperware_coffee_beans_t1,0.0,0.0,0.0,0.0,6.886623023426734,353.07296404681074,3877.414168183533,268.7192932184667,0.0,0.0
tupperware_coffee_beans_t2,0.0,0.0,0.0,0.0,8.182381304251614,304.460609460505,4013.287521249405,369.09445228105875,0.0,0.0
tupperware_coffee_beans_t3,0.0,0.0,0.0,0.0,8.607999849319373,267.5839574738016,4504.628519502522,184.2701564571791,0.0,0.0
tupperware_coffee_beans_t4,0.0,0.0,0.0,0.0,0.0,344.61076639785017,3987.4030452753163,258.51091320004065,0.0,0.0
tupperware_coffee_beans_t5,0.0,0.0,0.0,0.0,3.8247171741319645,291.1078457399121,4074.395835281181,322.9580874359663,0.0,0.0
tupperware_ground_coffee_t1,0.0,0.0,0.0,0.0,8.281944373035952,258.691343686375,4514.993621373097,272.85948964811865,0.0,0.0
tupperware_ground_coffee_t2,0.0,0.0,0.0,0.0,0.0,259.8095035498968,3572.1667867082388,222.99500818874048,0.0,0.0
tupperware_ground_coffee_t3,0.0,81.2808375003569,4.116246463028646,0.0,8.42762256105209,235.92095947985948,4108.924865010748,200.84765857195902,4.557500477235301,2.060184246517772
tupperware_ground_coffee_t4,0.0,0.0,0.0,0.0,0.0,212.98588261007544,4637.24428136307,210.57392125996168,0.0,0.0
tupperware_ground_coffee_t5,0.0,0.0,0.0,0.0,13.94399938350247,236.04797672794533,4340.091646289901,283.1753551849108,0.0,0.0
tupperware_marbles_t1,0.0,0.0,0.0,0.0,11.813648329178676,289.4194032965202,4826.337914965845,198.49146713440027,0.0,0.0
tupperware_marbles_t2,0.0,0.0,0.0,0.0,4.681206917811666,246.5917728323323,4729.783387177994,211.64561945771402,0.0,0.0
tupperware_marbles_t3,0.0,0.0,0.0,0.0,10.071866058767302,238.74517000368138,4024.0756412125656,240.2091127293505,0.0,0.0
tupperware_marbles_t4,0.0,44.05671293719937,0.0,0.0,14.010735110434824,288.4401153140047,3951.1932026132718,271.2167042545464,12.965057802615771,0.0
tupperware_marbles_t5,0.0,0.0,0.0,0.0,25.23181608120534,201.02924305467803,7035.544120948976,184.9761766491273,0.0,0.0
tupperware_pasta_t1,2.8628973021224495,25.233627369518203,11.369996370032876,0.0,4.522312430880909,283.36740180846726,6158.345044629798,258.15661331498535,0.0,0.0
tupperware_pasta_t2,0.0,0.0,0.0,0.0,8.310923971040523,277.4059689068163,3889.5251262931433,232.6558720404226,0.0,0.0
tupperware_pasta_t3,0.0,69.04789107230197,0.0,0.0,18.672929873573374,295.09345399036766,4134.4944304042065,199.79503854553124,13.004178624766851,0.0
tupperware_pasta_t4,0.0,0.0,0.0,0.0,12.036259303809274,308.3729135061961,4147.295252305143,208.91449961666575,0.0,0.0
tupperware_pasta_t5,0.0,0.0,0.0,0.0,24.07560944530744,302.84536809329404,3855.381150074658,287.4770953385941,0.0,0.0
tupperware_rice_t1,0.0,0.0,0.0,0.0,0.0,251.22284255348688,3650.2799303925344,261.63490112418043,0.0,0.0
tupperware_rice_t2,0.0,0.0,0.0,0.0,5.3449423084257885,301.2197538509987,3836.4232527391996,309.91719182602867,0.0,0.0
tupperware_rice_t3,0.0,0.0,0.0,0.0,6.453117390167034,261.0775817441256,5671.269065813229,268.0972173523036,0.0,0.0
tupperware_rice_t4,0.0,0.0,0.0,0.0,3.75706992027351,214.58619310613395,4289.5285411706045,225.07816906610051,0.0,0.0
tupperware_rice_t5,0.0,0.0,0.0,0.0,10.7570400979108,310.6984398929047,3820.1412471747694,301.61024080959083,0.0,0.0
weight_1_t1,0.0,0.0,0.0,0.0,0.0,227.01831955544048,3197.3378721397607,220.63097020995335,0.0,0.0
weight_1_t2,0.0,0.0,0.0,0.0,2.875707828361567,356.6173950274779,4003.7849167784125,252.29391491457363,0.0,0.0
weight_1_t3,0.0,0.0,0.0,0.0,0.0,313.89782208565794,3468.492362154254,278.8488745375542,0.0,0.0
weight_1_t4,0.0,0.0,0.0,0.0,0.0,238.3140954590936,3530.0026390879248,239.7046113274471,0.0,0.0
weight_1_t5,0.0,0.0,0.0,0.0,28.947175866705116,292.17784454271685,4314.358506714842,246.46177603312236,0.0,0.0
weight_2_t1,0.0,0.0,0.0,0.0,0.0,287.7867884212944,3973.8742373538234,301.7492160741776,0.0,0.0
weight_2_t2,0.0,0.0,0.0,0.0,4.175596323577526,286.80622224529213,3959.2312233871235,208.96229813966147,0.0,0.0
weight_2_t3,0.0,0.0,0.0,0.0,7.651073352247453,375.208054054903,3902.556649195601,287.3207355155558,0.0,0.0
weight_2_t4,0.0,0.0,0.0,0.0,4.014500379427203,316.15195917938325,4174.394036070739,256.10238993874935,0.0,0.0
weight_2_t5,0.0,0.0,0.0,0.0,3.362602652654888,257.258238877794,3460.320731649037,252.49135334503148,0.0,0.0
weight_3_t1,0.0,0.0,0.0,0.0,6.464501236854372,284.2409396451615,4052.4934101072936,249.74564820532606,0.0,0.0
weight_3_t2,0.0,0.0,0.0,0.0,5.608200056717089,247.1567376293471,3198.5732361445926,185.28075015771213,0.0,0.0
weight_3_t3,0.0,0.0,0.0,0.0,0.0,317.31574698444007,3722.0576040764327,287.2172818774698,0.0,0.0
weight_3_t4,0.0,0.0,0.0,0.0,10.460365124776441,257.101457353298,3504.23526367475,219.7048095656509,0.0,0.0
weight_3_t5,0.0,0.0,0.0,0.0,8.83830538607861,304.43968752498836,3634.519564638053,241.9876481457941,0.0,0.0
weight_4_t1,0.0,0.0,0.0,0.0,0.0,318.02726423809315,4259.028111188522,267.19276738334815,0.0,0.0
weight_4_t2,0.0,0.0,0.0,0.0,10.462351007676805,296.78790418660816,3935.154935138273,212.0810191240037,0.0,0.0
weight_4_t3,0.0,0.0,0.0,0.0,6.660219757324061,260.7863499840505,3813.4112705948305,236.72877568916527,0.0,0.0
weight_4_t4,0.0,0.0,0.0,0.0,3.0886358963140994,339.7365603029709,3696.2496198252184,257.8555673365227,0.0,0.0
weight_4_t5,0.0,0.0,0.0,0.0,4.301600375527618,397.01505065089026,4023.2579496330804,240.96204476963987,0.0,0.0
weight_5_t1,8.579297499244781,160.65619872422897,9.368290524257429,0.0,2.0785444456397846,328.70160810249746,4029.1067033952454,305.80324714742756,0.0,4.371624556067207
weight_5_t2,2.0570475084693594,27.0833215491005,0.0,0.0,37.19970226871736,385.20079123472607,4027.2201996955323,291.8621320922288,0.0,0.0
weight_5_t3,0.0,0.0,0.0,0.0,0.0,301.8905238297782,3771.9226857011604,245.84941401464053,0.0,0.0
weight_5_t4,0.0,0.0,0.0,0.0,2.2979247633680266,279.7384836821774,2878.899473793663,159.47215339139848,0.0,0.0
weight_5_t5,0.0,2.296965668006381,0.0,0.0,12.672153347726432,302.56753492060955,3983.612867436604,207.9081287856599,0.0,0.0
timber_pentagon_t1,0.0,0.0,0.0,4.576911308950612,8.300527110849133,329.2350663372872,5779.326329303636,295.778034364622,0.0,3.4800462769911547
timber_pentagon_t2,0.0,0.0,0.0,0.0,22.131231356988035,252.82212369378803,6217.049041901182,339.42415012191424,2.571986703717576,0.0
timber_pentagon_t3,4.194854464526006,68.09972796242705,2.037612234386366,0.0,8.851023983206636,235.0421730151304,6259.2145547661075,337.36821384202244,0.0,0.0
timber_pentagon_t4,0.0,16.483369779134645,0.0,0.0,21.701923092838232,307.63246422084814,6004.742249928575,315.9412495763926,0.0,0.0
timber_pentagon_t5,0.0,0.0,0.0,0.0,2.838005075698245,307.5837505581595,6064.675504575375,327.9461526391094,0.0,0.0
timber_rectangle_t1,0.0,20.893385930291572,3.087729951278933,0.0,22.486118937937377,243.09633292571786,6250.66230784163,315.6762408164081,0.0,0.0
timber_rectangle_t2,0.0,20.454547866731644,0.0,0.0,46.93050212301366,184.23119358860063,6441.654176741027,393.3318360584612,0.0,0.0
timber_rectangle_t3,0.0,0.0,0.0,0.0,2.601314522871081,279.46736188702454,7351.133577362043,295.5135568451128,0.0,0.0
timber_rectangle_t4,0.0,0.0,0.0,0.0,11.0381742147962,267.4296074459209,5881.65379330571,278.6724584206926,0.0,0.0
timber_rectangle_t5,0.0,0.0,0.0,0.0,5.63938876181453,304.55106204465784,4362.68314288207,244.46168318624626,0.0,0.0
timber_semicircle_t1,0.0,6.2797630328072485,0.0,0.0,2.4764029792393827,326.565258678428,6009.150025609919,324.24585019927906,0.0,0.0
timber_semicircle_t2,0.0,0.0,0.0,0.0,0.0,115.91780138966509,4893.894285887131,209.63250394123307,0.0,0.0
timber_semicircle_t3,0.0,81.22306181623316,14.177463839100618,0.0,11.025338781366724,258.16570259313255,5901.552763385829,288.91176727675827,46.19123915138993,4.852409009736908
timber_semicircle_t4,5.450163939594783,91.7996377124809,0.0,0.0,4.093060274427925,262.1058330736179,6323.282943880795,384.53764010068875,0.0,0.0
timber_semicircle_t5,0.0,0.0,0.0,0.0,7.943825944038606,147.59618676644845,5398.760359569504,272.4710651608042,0.0,0.0
timber_square_t1,0.0,20.446790945246455,0.0,0.0,13.59679163050955,283.911338624851,4749.811859968972,270.8089002364354,0.0,0.0
timber_square_t2,4.127419189543819,19.43746777113343,2.306905746145689,0.0,5.762009910194434,216.52593577525872,5407.881910894399,270.268680775913,6.973533067970113,0.0
timber_square_t3,0.0,19.865175093614667,0.0,0.0,30.70480243458889,199.2068910412759,4915.57305615991,287.1209335580746,0.0,0.0
timber_square_t4,0.0,0.0,0.0,0.0,0.0,309.45427347620665,4629.107178200543,241.0854413077161,0.0,0.0
timber_square_t5,0.0,7.2645322271981145,0.0,0.0,4.608831814028366,272.2196367937404,6376.836129082548,327.5771720055805,0.0,0.0
timber_squiggle_t1,0.0,18.34821961113458,0.0,0.0,15.69819016593976,264.840620108163,6604.4390333028405,315.31138161168354,0.0,0.0
timber_squiggle_t2,0.0,17.456636028835828,0.0,0.0,2.8848464629681767,220.48429621502115,6334.301345359336,350.5710492841494,0.0,0.0
timber_squiggle_t3,0.0,2.2601961153846806,0.0,0.0,0.0,148.6243063524819,4498.644635353282,224.0276630520494,0.0,0.0
timber_squiggle_t4,0.0,0.0,0.0,0.0,0.0,229.83048904630988,6507.620360069441,336.63207358740925,0.0,0.0
timber_squiggle_t5,0.0,0.0,0.0,0.0,0.0,212.95677696595607,5621.836975160068,306.2507966370164,0.0,0.0
tin_pokemon_t1,6.107520618057707,70.60770645174696,12.78161878487532,0.0,16.525027353014558,337.2521163429697,12181.61341602679,345.06268621912966,7.689505962023827,4.466512527420023
tin_pokemon_t2,11.12603427943163,49.27050363081478,8.874862004468113,0.0,2.0437231501162283,227.92805508548233,7595.075793899336,345.2007316817877,4.573054701181695,5.952901820101512
tin_pokemon_t3,2.199791319648298,17.962068346654007,0.0,0.0,15.991386623742057,348.68704897356037,10750.402453043827,267.5645542663191,0.0,0.0
tin_pokemon_t4,0.0,16.101301845277334,2.033299715981144,0.0,0.0,279.5858233216623,11046.31669689611,370.8526082260715,0.0,0.0
tin_pokemon_t5,0.0,2.244510106905291,0.0,0.0,6.542969547237959,201.11534707594498,7673.574159129783,253.34602371370417,0.0,0.0
tin_poker_t1,0.0,21.960955066376975,0.0,0.0,11.891889000441171,298.1422740059053,7449.625673087168,277.9270669609384,0.0,0.0
tin_poker_t2,4.343940752870631,155.0978021523616,0.0,2.2533001309190923,41.86197334963557,178.27744603584534,5331.9871984055,224.96039336241714,61.59021831789624,0.0
tin_poker_t3,0.0,0.0,0.0,0.0,16.01280197812715,314.35902290570243,7989.349670134103,322.8757333702877,0.0,0.0
tin_poker_t4,0.0,0.0,0.0,0.0,4.146610151002865,216.08179636325445,6649.7330021766675,308.35361325370644,0.0,0.0
tin_poker_t5,0.0,33.504884215287625,0.0,0.0,17.694015176921184,224.26952365972195,7651.580612908354,296.37442881138554,13.411606902429764,0.0
tin_snack_depot_t1,4.259663650618438,21.15091121352006,0.0,0.0,13.645329078216694,288.80963508026423,10203.866679546802,330.2776520421943,0.0,2.017659100121723
tin_snack_depot_t2,0.0,19.015950746791514,0.0,0.0,7.579168872757478,211.1257054099861,5974.43317844287,206.19115222617674,0.0,0.0
tin_snack_depot_t3,0.0,10.877461572838106,0.0,0.0,0.0,248.0216244860748,8297.167696271486,330.0578059626849,3.8882745273450023,0.0
tin_snack_depot_t4,3.2519693141233668,34.07732072313529,0.0,0.0,23.990833023357176,236.33822018912306,5240.655698225899,250.76262969899417,8.019479917701412,0.0
tin_snack_depot_t5,0.0,0.0,0.0,0.0,0.0,235.59897913533695,7403.73654011332,267.9679877698316,0.0,0.0
tin_snowman_t1,0.0,0.0,0.0,0.0,7.5343725528307095,216.3862130123199,5226.943568533401,257.91249076137973,0.0,0.0
tin_snowman_t2,0.0,0.0,0.0,0.0,2.3901252620730986,189.08327069675724,6048.821319008415,281.85961623656044,0.0,0.0
tin_snowman_t3,0.0,0.0,0.0,0.0,0.0,165.94000969293,5769.668835316642,310.0176425984294,0.0,0.0
tin_snowman_t4,0.0,0.0,0.0,0.0,3.7138675456860333,160.19093827944468,5639.1902457559445,282.9180969071721,0.0,0.0
tin_snowman_t5,7.643858829592753,50.62890809608861,16.328692052081863,0.0,35.786177984960126,166.06543639986643,5158.3926512461585,219.89692273657764,2.1042131308401246,9.682953941449934
tin_tea_t1,0.0,29.404941742652824,0.0,0.0,27.08212687047454,198.17606014026683,5690.443129742091,215.0615700307483,0.0,0.0
tin_tea_t2,0.0,0.0,0.0,0.0,8.926403424665985,170.75270722950447,6465.1001373286,205.65438728511592,0.0,0.0
tin_tea_t3,2.9985188226856274,34.12872211228735,2.0191850881234243,0.0,12.399225005478463,190.49143360393515,6129.096164164427,223.69114595628452,0.0,0.0
tin_tea_t4,0.0,0.0,0.0,0.0,8.964954029197358,187.71941588083234,5719.046470689617,212.875676417954,0.0,0.0
tin_tea_t5,0.0,0.0,0.0,0.0,3.9075593361585694,249.4144565998669,7220.4472810995485,296.8066260034874,0.0,0.0
pvc_1_t1,0.0,0.0,0.0,0.0,7.918353783524923,275.493005365921,3317.069158413729,240.4500417766151,0.0,0.0
pvc_1_t2,0.0,0.0,0.0,0.0,0.0,266.9488632268851,3504.308019730487,207.57924390349436,0.0,0.0
pvc_1_t3,0.0,0.0,0.0,0.0,0.0,223.56072861931466,3576.9055464698436,208.1013301183011,0.0,0.0
pvc_1_t4,0.0,0.0,0.0,0.0,8.527115411331835,214.66797548999614,3391.63840196987,229.82198890371401,0.0,0.0
pvc_1_t5,0.0,0.0,0.0,0.0,0.0,238.53297350042652,3453.398533631963,199.72587306272754,0.0,0.0
pvc_2_t1,0.0,0.0,0.0,0.0,0.0,271.63506835886966,3708.1253307144493,227.99027059450972,0.0,0.0
pvc_2_t2,0.0,0.0,0.0,0.0,4.272200711928825,224.77144269969986,3300.795615045049,206.2338991822304,0.0,0.0
pvc_2_t3,0.0,0.0,0.0,0.0,20.525752636457607,214.57898965492973,3237.321506243658,268.6397101243301,0.0,0.0
pvc_2_t4,0.0,0.0,0.0,0.0,0.0,216.1040335043806,3566.3954348606226,195.3489551265373,0.0,0.0
pvc_2_t5,0.0,0.0,4.336960882922511,0.0,16.952016313419627,232.91042126734177,3415.2407896197,212.29962044322536,0.0,0.0
pvc_3_t1,0.0,0.0,0.0,0.0,0.0,232.70456091570662,3774.242779240387,244.6068837550095,0.0,0.0
pvc_3_t2,0.0,0.0,0.0,0.0,20.011605476700172,272.1566323257785,3513.621288660183,213.48689330366835,0.0,0.0
pvc_3_t3,0.0,0.0,0.0,0.0,0.0,262.2330592550209,3147.8839891011094,252.55662246429338,0.0,0.0
pvc_3_t4,0.0,0.0,0.0,0.0,0.0,249.29871958166814,3794.8558861904344,203.17615930683476,0.0,0.0
pvc_3_t5,0.0,0.0,0.0,0.0,4.185808485375423,205.8100426459691,3587.998672873431,200.1435706735612,0.0,0.0
pvc_4_t1,0.0,0.0,0.0,0.0,0.0,358.77958968790523,3723.768139327178,189.88325062725923,0.0,0.0
pvc_4_t2,0.0,0.0,0.0,0.0,3.272251630131766,257.08209529251957,3768.6544728806384,287.64696059205545,0.0,0.0
pvc_4_t3,0.0,0.0,0.0,0.0,0.0,275.96086751116616,3873.9125636304966,218.57290363608075,0.0,0.0
pvc_4_t4,0.0,0.0,0.0,0.0,8.982189040662835,240.16699086145067,3782.020751308205,186.0949615882725,0.0,0.0
pvc_4_t5,0.0,0.0,0.0,0.0,28.49727293301406,229.89647244945596,4188.726638926102,259.4415685155052,0.0,0.0
pvc_5_t1,0.0,0.0,0.0,0.0,6.79892071264058,227.95397143039492,6381.802991152208,277.23432657695804,0.0,0.0
pvc_5_t2,0.0,0.0,0.0,0.0,6.867477682301135,299.5471864375558,4774.8226703314285,299.44818950921547,0.0,0.0
pvc_5_t3,0.0,0.0,0.0,0.0,12.54110311413254,268.6631082673292,4448.688463399814,264.8593727528546,0.0,0.0
pvc_5_t4,0.0,4.34530318683862,0.0,0.0,7.1448191902255225,276.0136795682406,3926.206171312233,248.77373527534164,0.0,0.0
pvc_5_t5,0.0,0.0,0.0,0.0,8.186545834337842,258.35634969250617,4329.879212814189,262.3400409408738,0.0,0.0
smallstuffedanimal_bunny_t1,17.909663427261748,90.12388746677101,6.617145381343426,0.0,14.377186557216739,304.79950110923085,6374.473987965008,208.53952138614218,0.0,0.0
smallstuffedanimal_bunny_t2,37.428326832507935,345.3114524532191,14.138121886185157,0.0,0.0,236.29064367780225,7108.54094984647,386.2480659787154,0.0,0.0
smallstuffedanimal_bunny_t3,10.632020700363917,53.72914840547629,0.0,0.0,5.670119539596859,290.53291685148395,7464.725011383883,315.18498296828625,0.0,0.0
smallstuffedanimal_bunny_t4,11.81692786691441,191.27720920034602,11.790755913838792,0.0,2.6838575709677666,218.53684643549454,5917.031059537104,300.98717921551275,0.0,0.0
smallstuffedanimal_bunny_t5,15.539926894028365,150.6810296411897,3.061102318381403,0.0,7.988648308479533,153.04442587366066,4961.542684620786,231.88251924465672,0.0,0.0
smallstuffedanimal_chick_t1,17.106849108479473,71.93679538043276,10.10349372988314,0.0,43.3774076551634,233.73693242908547,5759.885385895802,224.86968581730414,8.57231055900333,0.0
smallstuffedanimal_chick_t2,0.0,0.0,0.0,0.0,11.220420688003344,247.87059077932565,6151.240900586221,298.7049381306246,0.0,0.0
smallstuffedanimal_chick_t3,14.659274851442106,36.289776577882904,4.620136218589799,0.0,0.0,224.73567497869743,5451.722947972946,274.3849166656575,0.0,0.0
smallstuffedanimal_chick_t4,14.437177526314423,170.02035933385406,21.588842105827766,0.0,20.896809787034645,172.02695837710814,4677.698909050805,268.779904557257,0.0,19.50859115792678
smallstuffedanimal_chick_t5,15.94386449952315,86.05761308513337,15.773103956329232,5.549521603590227,16.24119321585967,238.41143797756476,5470.562996584991,240.96444278836887,5.684599947998144,4.844237796020198
smallstuffedanimal_headband_bear_t1,2.793823634376372,15.105103779691184,2.0189995123575435,0.0,4.868674415074394,380.9474628723884,9379.622676262014,334.91605296926207,14.926896476498868,0.0
smallstuffedanimal_headband_bear_t2,0.0,17.657391374131528,0.0,0.0,23.796976584889627,158.02260360060203,5369.528820051,244.20621879200905,0.0,0.0
smallstuffedanimal_headband_bear_t3,0.0,0.0,0.0,0.0,19.63899676762919,140.91777970628783,5677.24764985942,240.54653892430386,0.0,0.0
smallstuffedanimal_headband_bear_t4,0.0,0.0,0.0,0.0,13.433176494772038,127.54501593560803,4929.425934995444,276.64218213602044,0.0,0.0
smallstuffedanimal_headband_bear_t5,7.569263193334059,25.966597589033725,0.0,0.0,24.340297882948974,212.9029033894651,5145.465978213653,196.9497290670471,2.375313478259238,0.0
smallstuffedanimal_moose_t1,0.0,2.375081499654275,0.0,0.0,0.0,274.7083924557625,7542.926714766984,280.8325086205824,0.0,0.0
smallstuffedanimal_moose_t2,37.837132822141285,604.4787267668052,22.305284641979974,0.0,41.174432522317765,166.98579164865677,5707.087592536367,248.16022188501123,8.11674017865214,8.97968576574933
smallstuffedanimal_moose_t3,30.493639176719626,344.2759405417882,4.174885402287224,0.0,4.266389743811505,234.44394551064605,5438.890168174585,221.91589960576852,0.0,0.0
smallstuffedanimal_moose_t4,41.58073365182677,557.9976704529575,2.845571844181763,0.0,0.0,151.80392241979752,4813.008550784531,216.03955536668542,0.0,0.0
smallstuffedanimal_moose_t5,27.5948520861905,387.6421048042473,9.156467077536147,2.3853673029535725,15.099439686828429,160.2184390621872,5976.673756472718,260.1735095512685,0.0,0.0
smallstuffedanimal_otter_t1,0.0,26.3142398080083,0.0,0.0,14.783354353079151,178.98464607105126,4892.243692583905,251.1050122941365,0.0,0.0
smallstuffedanimal_otter_t2,10.932090800044609,29.523890469880737,2.188912008247248,0.0,7.842195432402842,155.39497840442587,5190.684667482388,253.30222166949693,0.0,0.0
smallstuffedanimal_otter_t3,0.0,0.0,4.523466269564848,0.0,8.322405671098064,193.91656481359254,5735.955651278808,354.3975793139448,4.267202983219805,0.0
smallstuffedanimal_otter_t4,0.0,29.76194184751338,0.0,0.0,3.8568791944596863,201.86462487841496,5549.998038558611,268.65991733566716,0.0,0.0
smallstuffedanimal_otter_t5,0.0,16.60538526435471,0.0,0.0,4.8640524784945045,188.8302097506315,5678.276249948142,289.45215849935806,0.0,0.0
metal_mix_covered_cup_t1,0.0,0.0,7.979914286085033,0.0,0.0,282.0538593399548,3485.080453144911,261.70329350783345,0.0,0.0
metal_mix_covered_cup_t2,0.0,0.0,0.0,0.0,8.054710260322176,295.68654584462604,3304.94163944783,219.3494085456327,0.0,0.0
metal_mix_covered_cup_t3,0.0,31.560412169871498,0.0,0.0,19.332377054110363,257.0139889383948,3088.5091759919296,232.1424382742597,7.674315039860392,0.0
metal_mix_covered_cup_t4,0.0,0.0,0.0,0.0,6.935346127706181,259.60264270387046,3124.3439666068266,258.06697542470647,0.0,0.0
metal_mix_covered_cup_t5,0.0,0.0,0.0,0.0,0.0,293.71450301771404,3111.205975002398,245.82648623557898,0.0,0.0
metal_tea_jar_t1,2.2766123187754213,8.034167043779508,0.0,0.0,11.683252983353974,278.2694463868477,7193.958086154457,286.345940159424,0.0,0.0
metal_tea_jar_t2,0.0,2.6266920356219914,0.0,0.0,9.140266953344028,268.30430018140135,3807.187733465095,217.682268104406,0.0,0.0
metal_tea_jar_t3,0.0,0.0,0.0,0.0,11.171867145113898,261.46669914145934,7062.558852124927,282.6502052322944,0.0,0.0
metal_tea_jar_t4,0.0,2.5201285681488557,0.0,0.0,6.378711419896078,177.20075407215697,7042.006787150997,267.9618086458425,0.0,0.0
metal_tea_jar_t5,0.0,0.0,0.0,0.0,3.766295347964628,239.72523913035,6769.753950285151,279.3603464926063,0.0,0.0
metal_thermos_t1,0.0,2.1638881717870726,0.0,0.0,16.89078141339487,266.4920978043881,5763.05601665106,330.8140119773848,0.0,0.0
metal_thermos_t2,0.0,0.0,0.0,0.0,3.1816626449516927,324.1700020775433,8046.91456358213,482.0996171965548,0.0,0.0
metal_thermos_t3,0.0,6.329991993708066,0.0,0.0,4.007488948905536,189.3689939979038,5389.363234748347,275.82389327578295,0.0,0.0
metal_thermos_t4,0.0,6.576361888904291,0.0,0.0,12.314895695946628,178.42648485538015,5619.1810458246955,343.5078311723559,17.120719778086137,0.0
metal_thermos_t5,6.108311064181567,10.754520675271108,4.155377944267288,0.0,7.439748507645655,229.72492490337345,5522.051529930616,333.35945917885084,0.0,0.0
metal_flower_cylinder_t1,6.548835639218664,64.6264523210943,0.0,0.0,4.02790348863794,208.9073223254327,5741.903454521736,292.5870016757545,0.0,0.0
metal_flower_cylinder_t2,2.5603782376828623,145.5875861530781,0.0,0.0,12.812299472261245,217.38347989320755,6543.756130449065,350.93962604693445,0.0,0.0
metal_flower_cylinder_t3,0.0,24.561167305047267,0.0,0.0,8.624725530771332,220.08916305865787,5317.569250033425,262.82428346936115,0.0,2.126820094154651
metal_flower_cylinder_t4,13.678031648591162,172.6887607274237,15.190815967651858,0.0,4.224850572052104,197.79024572985202,4161.382511296085,232.06641537236513,0.0,4.950416111734803
metal_flower_cylinder_t5,2.990072020871738,21.70895683755197,0.0,0.0,8.33599427835711,313.2493839514254,6353.120786394101,357.1731100480207,0.0,0.0
metal_food_can_t1,0.0,0.0,0.0,0.0,0.0,180.18105920493025,6107.9351996646155,329.52957946948527,0.0,0.0
metal_food_can_t2,2.785534920064726,23.58943766224646,0.0,0.0,5.624777211251487,267.9966083981087,5730.192508371202,279.39800786114256,0.0,0.0
metal_food_can_t3,6.327504021369872,15.102377175885938,0.0,0.0,23.823511398499583,231.64283939677807,6999.749647641119,312.90335224744103,0.0,5.376390928296036
metal_food_can_t4,0.0,4.5237622311283054,0.0,0.0,4.03892749706107,283.47269264085315,7265.097563202199,263.8199165239782,0.0,0.0
metal_food_can_t5,0.0,9.033289134086418,0.0,0.0,28.85374614132509,213.25971498873662,6167.84898985775,307.2777059323158,0.0,0.0
noodle_1_t1,0.0,0.0,0.0,0.0,0.0,229.36158692967695,2999.0833834860705,181.27695654358163,0.0,0.0
noodle_1_t2,0.0,0.0,0.0,0.0,3.3165007460944675,296.3989846298336,3344.243712875262,258.18150121575263,0.0,0.0
noodle_1_t3,0.0,0.0,0.0,0.0,5.588511353233999,226.37863952616638,2949.607456140103,218.97602455048815,0.0,0.0
noodle_1_t4,0.0,0.0,0.0,0.0,0.0,246.61023556870109,3539.693432313521,298.2949819161051,0.0,0.0
noodle_1_t5,0.0,0.0,0.0,0.0,0.0,328.8202509864439,3327.17195613226,260.95643214127017,0.0,0.0
noodle_2_t1,0.0,0.0,0.0,0.0,12.80320151875027,333.2454916722943,3337.8164646187133,223.8096431113883,0.0,0.0
noodle_2_t2,0.0,0.0,0.0,0.0,34.13093224656685,236.11995198292072,2881.561939999472,278.46211008201277,0.0,0.0
noodle_2_t3,0.0,0.0,0.0,0.0,17.09504848657481,258.66769724911256,3107.672042349499,236.642879635572,0.0,0.0
noodle_2_t4,0.0,0.0,0.0,0.0,0.0,288.34676539956246,3773.1589103330803,259.3485767075642,0.0,0.0
noodle_2_t5,0.0,0.0,0.0,0.0,4.079268755625816,303.41731116633986,3414.0145865490454,265.4877858716487,0.0,0.0
noodle_3_t1,0.0,0.0,0.0,0.0,0.0,267.9675710561711,3237.3044685534564,235.33431075421615,0.0,0.0
noodle_3_t2,0.0,0.0,0.0,0.0,0.0,243.2328093676502,3274.2277034546037,175.92080136306498,0.0,0.0
noodle_3_t3,0.0,0.0,0.0,0.0,0.0,339.08946058113514,3750.035308760765,309.27572232151,0.0,0.0
noodle_3_t4,0.0,0.0,0.0,0.0,24.32403019746721,327.2751762210706,3494.278075590041,300.0540980455923,0.0,0.0
noodle_3_t5,0.0,0.0,7.222837113528488,0.0,0.0,280.9428402777094,3106.748421675452,238.33831698527467,0.0,7.222837078227322
noodle_4_t1,0.0,0.0,0.0,0.0,3.9613654877180924,318.00669900483354,2712.5093439413536,262.41863029767785,0.0,0.0
noodle_4_t2,0.0,0.0,0.0,0.0,7.024054989344004,219.6903349843794,3623.6090199879914,254.6747411749111,0.0,0.0
noodle_4_t3,0.0,61.244182265079175,0.0,0.0,7.2215110895090415,259.5058174778986,3064.5700220876347,253.0281314278069,17.71705470327325,0.0
noodle_4_t4,4.272504100035876,41.54999793637849,0.0,0.0,0.0,234.65481083407096,3141.880215545971,217.0972556659244,0.0,0.0
noodle_4_t5,0.0,76.85187831878827,8.82278561936598,0.0,0.0,256.5317686506883,3132.1130344328694,219.12880504293702,0.0,0.0
noodle_5_t1,0.0,0.0,0.0,0.0,2.1224016755448556,250.54591010709154,2890.24833367027,204.39030343352417,0.0,0.0
noodle_5_t2,0.0,0.0,0.0,0.0,0.0,188.80872561886545,3097.384529241492,210.285639302573,0.0,0.0
noodle_5_t3,0.0,0.0,0.0,0.0,0.0,343.73173226712424,3737.148967412481,269.92281207128224,0.0,0.0
noodle_5_t4,0.0,60.261652339408315,0.0,0.0,7.865149901715899,280.252334208144,4084.789860831069,326.99082402845005,0.0,0.0
noodle_5_t5,4.192607410207955,112.40735791289538,0.0,0.0,0.0,260.22675851827177,3052.7883594734653,257.49365830137305,0.0,0.0
pasta_cremette_t1,0.0,0.0,0.0,0.0,8.064949922953407,242.84743578492044,3762.694500657569,247.54824849659715,0.0,0.0
pasta_cremette_t2,0.0,0.0,0.0,0.0,2.1673936260864104,230.68389314887764,3813.200099772633,209.84807674790983,0.0,0.0
pasta_cremette_t3,0.0,0.0,0.0,0.0,7.397907807160312,211.95500221238623,3956.5214308568134,161.23099693184906,0.0,0.0
pasta_cremette_t4,0.0,0.0,0.0,0.0,2.545404811922921,288.5399608385012,3885.820893826491,207.78974164452433,0.0,0.0
pasta_cremette_t5,0.0,0.0,0.0,0.0,0.0,272.85643562891636,3397.263498340483,222.88798089389496,0.0,0.0
pasta_macaroni_t1,0.0,0.0,0.0,0.0,0.0,305.22072196257693,3926.990599509529,208.44668283782624,0.0,0.0
pasta_macaroni_t2,0.0,0.0,0.0,0.0,15.675349939600197,306.9334885867671,3312.99520870954,143.92450235631534,0.0,0.0
pasta_macaroni_t3,8.242838155284366,37.380289716610335,0.0,0.0,4.70490246987935,217.35922542435176,3508.330309412777,171.9981248332287,36.96210822239021,0.0
pasta_macaroni_t4,4.091974045974929,4.22229258804131,0.0,0.0,27.506131312618326,244.68260647354916,3377.99748647503,213.02866760500592,0.0,0.0
pasta_macaroni_t5,4.5699828496062675,16.114334771867465,0.0,0.0,4.7321377115378604,229.82278451806985,3407.86717064512,185.29414498774165,0.0,0.0
pasta_penne_t1,0.0,0.0,0.0,0.0,2.2895163294678635,278.32647349206314,4628.360545240217,193.40317832605496,0.0,0.0
pasta_penne_t2,0.0,0.0,0.0,0.0,0.0,252.77773547854275,4650.014902495655,224.26031720029823,0.0,0.0
pasta_penne_t3,0.0,0.0,0.0,0.0,0.0,260.58373901413825,4664.484220918602,196.89809989924316,0.0,0.0
pasta_penne_t4,0.0,0.0,0.0,0.0,0.0,237.21476750819744,4570.425079711298,172.5124454062878,0.0,0.0
pasta_penne_t5,0.0,0.0,0.0,0.0,0.0,257.2084231018382,3763.927105611897,204.0993255151486,0.0,0.0
pasta_rotini_t1,0.0,0.0,0.0,0.0,5.977096403183845,239.20515333113127,4969.252805808051,222.98735696729238,0.0,0.0
pasta_rotini_t2,0.0,59.01538481168138,0.0,0.0,14.4342529337616,264.2886182100813,4966.009549299847,217.98601463823718,0.0,0.0
pasta_rotini_t3,0.0,0.0,0.0,0.0,18.96646834179546,268.000788537317,3332.2186954877516,200.2163122754134,0.0,0.0
pasta_rotini_t4,0.0,0.0,0.0,0.0,6.198669835729841,235.1690623154553,4953.459408437273,165.65768670788586,0.0,0.0
pasta_rotini_t5,0.0,0.0,0.0,0.0,19.136263056588135,253.68551095407275,5017.651298922872,205.08147423316927,0.0,0.0
egg_rough_styrofoam_t1,4.225640236840215,75.01173790510664,10.223514387365375,0.0,6.769668929383583,436.0460760925485,3555.188701266911,378.5761087441955,4.179284352613495,0.0
egg_rough_styrofoam_t2,10.25188613311855,98.89465561273916,0.0,0.0,0.0,336.0308891804016,3470.058576571775,289.558185547486,9.738775350664431,0.0
egg_rough_styrofoam_t3,0.0,81.29451198649096,0.0,0.0,4.506436763963298,321.65102269409596,3223.389199752518,276.45731861203103,4.016061748778274,0.0
egg_rough_styrofoam_t4,0.0,0.0,0.0,0.0,0.0,312.2408008901851,4884.366798947863,333.08770929456466,0.0,0.0
egg_rough_styrofoam_t5,0.0,0.0,0.0,0.0,5.028357779797055,369.4121489451316,3592.1256760680244,349.9661001733667,0.0,0.0
egg_smooth_styrofoam_t1,4.1884152779219646,52.23826926847903,6.588045541525829,0.0,0.0,339.40753084595605,3077.7027448566832,202.36401190990824,0.0,8.585171069355507
egg_smooth_styrofoam_t2,73.0720777805615,737.6870120773387,29.658673305377462,0.0,4.1252106651544675,301.7037017542844,4689.081259335565,250.99182026656294,0.0,2.017278062538727
egg_smooth_styrofoam_t3,2.741463910030552,68.08762940285425,4.807431328780481,0.0,10.966411557975892,343.49094265978187,3107.6643865115616,245.5690551161686,4.055636297795945,2.3716430568068207
egg_smooth_styrofoam_t4,0.0,0.0,0.0,0.0,12.882035643242965,298.34129080625814,3357.962610276097,264.079231303197,0.0,0.0
egg_smooth_styrofoam_t5,0.0,4.885344604297234,0.0,0.0,2.88630000023046,462.0212961546407,3908.8650257706254,396.1577545775076,0.0,0.0
egg_wood_t1,36.71860557051859,588.9971130145777,58.50275747736407,0.0,13.293978208802898,577.3572885760774,6687.816689645047,435.7580555343506,0.0,2.1718913684991246
egg_wood_t2,0.0,14.783016236607345,0.0,2.043187592953716,4.561198844171329,488.36096994839005,3910.7044717329977,341.84338240604274,2.1281913095396288,0.0
egg_wood_t3,14.955583052680286,75.74117465632064,0.0,0.0,10.84991819505242,376.8593942430768,3656.003331826531,261.87195132504553,0.0,0.0
egg_wood_t4,0.0,0.0,0.0,0.0,11.067712372168202,457.6390652526291,3996.0052733892353,414.2783940259291,0.0,0.0
egg_wood_t5,0.0,0.0,0.0,0.0,0.0,313.25494387592494,2828.948765367608,305.1222985024472,0.0,0.0
medicine_ampicillin_t1,0.0,0.0,0.0,0.0,0.0,253.92918237672575,3228.2256885940733,238.6719224574499,0.0,0.0
medicine_ampicillin_t2,0.0,0.0,0.0,0.0,8.601913883995739,232.13735310164844,3184.3172412532313,190.20028140338889,0.0,0.0
medicine_ampicillin_t3,0.0,0.0,0.0,0.0,0.0,294.75059534142247,3126.211154561518,229.26584077112835,0.0,0.0
medicine_ampicillin_t4,0.0,0.0,0.0,0.0,11.880904297183632,224.84810890166483,3299.9823250890713,249.9796993983677,0.0,0.0
medicine_ampicillin_t5,0.0,0.0,0.0,0.0,0.0,264.2137329293611,3146.2984544816904,204.60676046972958,0.0,0.0
medicine_aspirin_t1,0.0,0.0,0.0,0.0,4.6137501787220945,271.8049672081615,2255.9309529157626,271.260296318221,0.0,0.0
medicine_aspirin_t2,0.0,0.0,0.0,0.0,6.399499751472117,262.3460597821414,2386.500771414639,185.09001283775,0.0,0.0
medicine_aspirin_t3,2.1977492149014637,15.116882958321707,0.0,0.0,3.6260600463312795,318.28433272350344,2364.2131407324605,157.48935078907056,0.0,0.0
medicine_aspirin_t4,0.0,0.0,0.0,0.0,0.0,291.1109993909027,1815.1380635666383,222.7483254312747,0.0,0.0
medicine_aspirin_t5,0.0,0.0,0.0,0.0,0.0,245.9865098917517,2076.6963724922543,169.13526986061143,0.0,0.0
medicine_bilberry_extract_t1,0.0,0.0,0.0,0.0,0.0,251.8085543983726,3264.2299579864616,209.86552644028376,0.0,0.0
medicine_bilberry_extract_t2,0.0,0.0,0.0,0.0,7.331627241497951,252.04185852735995,3282.8585540027134,219.8239407662525,0.0,0.0
medicine_bilberry_extract_t3,0.0,9.833663320451022,6.969807173320568,0.0,0.0,196.89085730330623,2643.8384316416655,166.1529606255235,0.0,2.26379523331948
medicine_bilberry_extract_t4,22.203789560721788,285.6488752783992,31.713068319576088,0.0,8.56229570258041,273.9178813048836,4033.6281073056,306.4132245992544,0.0,0.0
medicine_bilberry_extract_t5,0.0,0.0,0.0,0.0,8.596804629222449,230.96527183736498,2915.5751933924817,213.46079207638002,0.0,0.0
medicine_calcium_t1,0.0,0.0,0.0,0.0,0.0,309.91520018102335,2174.187575321404,314.6133888279367,0.0,0.0
medicine_calcium_t2,0.0,0.0,0.0,0.0,0.0,292.2747541259605,2585.5890738929857,217.52099057336693,0.0,0.0
medicine_calcium_t3,0.0,0.0,0.0,0.0,0.0,252.31797625142272,3035.1813298772286,267.8848678042588,0.0,0.0
medicine_calcium_t4,0.0,0.0,0.0,0.0,0.0,317.4062609383975,2482.0989022875324,210.3528077815702,0.0,0.0
medicine_calcium_t5,0.0,0.0,0.0,0.0,0.0,177.51725884894785,2222.6934186873928,204.82591157728015,0.0,0.0
medicine_flaxseed_oil_t1,0.0,0.0,0.0,0.0,6.740839945865179,267.92622224876976,3635.7335641951763,227.61277974007834,0.0,0.0
medicine_flaxseed_oil_t2,3.7118757966828575,0.0,12.067805091286434,0.0,0.0,278.63247329983426,3285.525247072489,251.84084675447096,0.0,0.0
medicine_flaxseed_oil_t3,0.0,0.0,0.0,0.0,6.770209641393919,241.14247836473348,3306.413412530438,205.4755330598033,0.0,0.0
medicine_flaxseed_oil_t4,0.0,0.0,0.0,0.0,7.295745253221705,239.40865750200328,3654.863119963631,240.09788109249982,0.0,0.0
medicine_flaxseed_oil_t5,0.0,0.0,0.0,0.0,26.044509574459774,279.825318260228,3341.278773802434,181.92541171300377,0.0,0.0
pasta_pipette_t1,0.0,72.7641816625579,13.556930089208723,0.0,0.0,273.9281577049287,4649.641682591228,165.03428675674115,0.0,0.0
pasta_pipette_t2,21.514896057813992,299.4675726458043,10.433735647876574,0.0,3.625802136920877,154.04040163317288,3521.3991187271736,196.86889165325587,0.0,12.362666720592385
pasta_pipette_t3,6.25059725194799,365.7362351632091,30.668483206593386,0.0,34.365755858646445,234.70575861171383,3376.770549124457,178.44543189893528,23.862712758957876,6.107145672266261
pasta_pipette_t4,0.0,5.204845529386747,0.0,0.0,13.992454765958552,274.43258703639174,4701.588424954187,203.22473957877767,0.0,0.0
pasta_pipette_t5,19.033997012940628,240.42644413966823,38.46473917855328,0.0,13.65360455819929,235.94584321552645,3920.0947072976496,183.00170291424595,0.0,13.103699071580415
cup_paper_green_t1,0.0,0.0,0.0,0.0,14.350585671339239,241.11069857039337,4044.695858038299,266.33596547515793,0.0,0.0
cup_paper_green_t2,0.0,0.0,0.0,0.0,11.90614579731912,216.35568401846456,3901.1848918788874,180.369178354952,0.0,0.0
cup_paper_green_t3,0.0,0.0,0.0,0.0,24.59668631134472,230.258798165339,4040.3791521427815,194.8627201032992,0.0,0.0
cup_paper_green_t4,0.0,0.0,0.0,0.0,0.0,259.8351252017314,3500.1859653853803,208.26383283764022,0.0,0.0
cup_paper_green_t5,0.0,0.0,0.0,0.0,0.0,254.1875413012507,3933.676508688758,270.6515402473915,0.0,0.0
cup_yellow_t1,0.0,0.0,0.0,0.0,3.8457007012431115,272.34159972132215,3623.0643065760696,234.40423075354474,0.0,0.0
cup_yellow_t2,0.0,0.0,0.0,0.0,0.0,242.02444618476463,3535.0610391931828,238.08221461084256,0.0,0.0
cup_yellow_t3,0.0,0.0,0.0,0.0,7.54875691368194,261.09418449696153,3608.1124541189115,154.92621933656096,0.0,0.0
cup_yellow_t4,0.0,0.0,0.0,0.0,0.0,248.57463316927132,3575.135846741935,197.30354626307582,0.0,0.0
cup_yellow_t5,0.0,37.641782716984174,0.0,0.0,3.4750830609353787,268.28925083624466,3628.311209100569,177.8744351029786,0.0,13.491904829430768
cup_blue_t1,0.0,0.0,0.0,0.0,0.0,272.772422474627,3416.052698848222,237.98610030267434,0.0,0.0
cup_blue_t2,0.0,0.0,0.0,0.0,0.0,260.82061546232416,3876.3931094829395,238.5486482236352,0.0,0.0
cup_blue_t3,0.0,0.0,0.0,0.0,0.0,280.90970112123983,4056.3495650361456,191.0735262174135,0.0,0.0
cup_blue_t4,0.0,0.0,0.0,0.0,11.409919863062841,297.2543718284341,3700.4806144051613,220.76879501949037,0.0,0.0
cup_blue_t5,0.0,0.0,0.0,0.0,0.0,224.51130317906683,3822.330606466213,228.0233381190828,0.0,0.0
cup_isu_t1,0.0,0.0,0.0,0.0,0.0,300.031027874386,3752.761832619308,242.53810051867393,0.0,0.0
cup_isu_t2,0.0,0.0,0.0,0.0,29.36617081337049,232.50954982869789,3626.4677667641945,233.37899982357547,0.0,0.0
cup_isu_t3,0.0,0.0,0.0,0.0,0.0,204.9969557268932,3972.760420455533,228.96757229876727,0.0,0.0
cup_isu_t4,0.0,0.0,0.0,0.0,0.0,261.0673723074906,3786.3835070154723,209.21571339539804,0.0,0.0
cup_isu_t5,0.0,0.0,0.0,0.0,4.1436552412574095,304.32804452108735,3650.458940855933,221.3423980673229,0.0,0.0
cup_metal_t1,0.0,0.0,0.0,0.0,2.2679326812981024,181.95788339420866,3075.2534914033067,166.438793053517,0.0,0.0
cup_metal_t2,0.0,0.0,0.0,0.0,0.0,269.6877198721049,3377.798847938204,200.5707917229291,0.0,0.0
cup_metal_t3,0.0,9.967956984668993,0.0,0.0,0.0,223.5374035650206,3720.6706955295663,113.50723443422014,0.0,0.0
cup_metal_t4,0.0,0.0,0.0,0.0,51.77751413743746,226.99871475498986,3179.3379344198956,185.82289421956568,0.0,0.0
cup_metal_t5,0.0,0.0,0.0,0.0,4.083600020581326,205.84667873308155,2739.524741643509,176.36146813826534,0.0,0.0
eggcoloringcup_blue_t1,0.0,0.0,0.0,0.0,0.0,272.97419668517614,3152.168794444566,222.6200930353406,0.0,0.0
eggcoloringcup_blue_t2,0.0,0.0,0.0,0.0,0.0,256.57931442277396,3191.091239765497,261.8055284113864,0.0,0.0
eggcoloringcup_blue_t3,0.0,0.0,0.0,0.0,0.0,295.2407792388022,3145.3080189768198,339.5893318399721,0.0,0.0
eggcoloringcup_blue_t4,0.0,0.0,0.0,0.0,0.0,261.043086299616,3417.1998013562547,285.2312836246047,0.0,0.0
eggcoloringcup_blue_t5,0.0,0.0,0.0,0.0,32.523655636898525,152.47680464655625,4863.038377073803,241.37702096408623,0.0,0.0
eggcoloringcup_green_t1,0.0,0.0,0.0,0.0,0.0,196.94839470409573,2553.7084433471136,230.80843755116723,0.0,0.0
eggcoloringcup_green_t2,0.0,0.0,0.0,0.0,0.0,191.36264998717147,4102.166819877684,213.33642156594217,0.0,0.0
eggcoloringcup_green_t3,0.0,0.0,0.0,0.0,3.384703553400209,250.00648568621529,4781.933944953517,256.06797554828256,0.0,0.0
eggcoloringcup_green_t4,0.0,0.0,0.0,0.0,18.6113229162522,246.33922641962633,3100.3081481145173,265.68817578937353,0.0,0.0
eggcoloringcup_green_t5,0.0,0.0,0.0,0.0,8.523550720767195,301.22637454910296,3018.809884208481,260.4980231976639,0.0,0.0
eggcoloringcup_orange_t1,0.0,0.0,0.0,0.0,11.392290464763718,229.25849374676778,2602.375776296032,195.9333601325259,0.0,0.0
eggcoloringcup_orange_t2,0.0,0.0,0.0,0.0,4.439748872402582,302.3083937516703,3243.804411034076,255.54307166591218,0.0,0.0
eggcoloringcup_orange_t3,0.0,0.0,0.0,0.0,4.00785395362855,226.38610866299362,2577.0503445725685,242.90064921961468,0.0,0.0
eggcoloringcup_orange_t4,0.0,0.0,0.0,0.0,20.19420797088027,231.99529097249584,2481.6714922361316,183.41050916011665,0.0,0.0
eggcoloringcup_orange_t5,0.0,0.0,0.0,0.0,0.0,294.573359081793,3261.9199636006147,234.653420980641,0.0,0.0
eggcoloringcup_pink_t1,0.0,0.0,0.0,0.0,0.0,237.20040607603676,3435.465852562208,268.2220631358659,0.0,0.0
eggcoloringcup_pink_t2,0.0,0.0,0.0,0.0,3.988604795442261,289.165833196865,3544.2301939227627,273.45666967753385,0.0,0.0
eggcoloringcup_pink_t3,0.0,0.0,0.0,0.0,2.7928024525342714,294.1946678170999,3670.406705239098,273.66440166726346,0.0,0.0
eggcoloringcup_pink_t4,0.0,0.0,0.0,0.0,4.01770832211598,313.3473431341125,3563.375391390728,268.3477850460165,0.0,0.0
eggcoloringcup_pink_t5,0.0,0.0,0.0,0.0,4.51789061337637,278.06362880332,3257.897248527714,243.67804438949372,0.0,0.0
eggcoloringcup_yellow_t1,0.0,0.0,0.0,0.0,4.357700918027528,286.14995309357744,3502.1822266497143,277.23065680125467,0.0,0.0
eggcoloringcup_yellow_t2,0.0,0.0,0.0,0.0,0.0,265.9847321518158,3502.5026921974395,258.4390796991095,0.0,0.0
eggcoloringcup_yellow_t3,0.0,0.0,0.0,0.0,0.0,320.5230364514118,2971.2517363726483,263.69219087659724,0.0,0.0
eggcoloringcup_yellow_t4,0.0,0.0,0.0,0.0,8.008234283437549,270.9724402666146,3418.1414738765225,264.13060872097543,0.0,0.0
eggcoloringcup_yellow_t5,0.0,0.0,0.0,0.0,25.377300272051542,300.12430905321906,3346.5984587987455,212.9241365721293,0.0,0.0
egg_cardboard_t1,0.0,0.0,0.0,0.0,24.63199685701415,233.22601142886248,4118.691922793152,287.4284525126225,0.0,0.0
egg_cardboard_t2,0.0,2.2366012876684125,0.0,0.0,0.0,259.4612854522579,3481.8632766803535,225.98260777782042,0.0,0.0
egg_cardboard_t3,0.0,0.0,0.0,0.0,14.838446715698677,353.63893732249124,5981.640617073226,326.3865501849525,0.0,0.0
egg_cardboard_t4,0.0,0.0,0.0,0.0,0.0,438.3875691136225,4101.196778614581,356.90197819859645,0.0,0.0
egg_cardboard_t5,0.0,0.0,0.0,0.0,13.435420349924293,421.40869309041824,4156.897267064651,378.78815481070495,0.0,0.0
egg_plastic_wrap_t1,0.0,0.0,0.0,0.0,4.364400078072961,373.1555320441704,3555.595733211463,383.57221372053027,0.0,0.0
egg_plastic_wrap_t2,59.851153132558196,571.154706279929,52.48986713260935,0.0,0.0,321.77909582171327,4203.950256454504,298.66167382706374,0.0,0.0
egg_plastic_wrap_t3,0.0,0.0,0.0,0.0,12.688585316239024,416.3094239420844,6300.886265501188,389.27387645391156,0.0,0.0
egg_plastic_wrap_t4,0.0,0.0,0.0,0.0,13.707359385159707,256.98013222317053,4764.079600244099,242.76455095952386,0.0,0.0
egg_plastic_wrap_t5,4.121473900442302,76.03935313958613,2.072114290718176,0.0,0.0,306.20450828751063,5135.944945519078,292.17487400093853,0.0,0.0
can_arizona_t1,2.4590173403211293,2.234727952145406,0.0,0.0,0.0,358.9623740168731,3797.237983484509,277.6648050422238,0.0,0.0
can_arizona_t2,0.0,0.0,0.0,0.0,10.87454860864132,333.3951089034069,3944.1850543049086,298.89435886912287,0.0,0.0
can_arizona_t3,0.0,0.0,0.0,0.0,31.705340226064276,305.05672389160515,5430.7555353282505,233.6938967463662,0.0,0.0
can_arizona_t4,0.0,2.3527578477182898,0.0,0.0,12.257312528668596,330.7890944668163,3863.645561591622,294.90577852475235,0.0,0.0
can_arizona_t5,4.373747916790766,29.888077606162348,0.0,0.0,3.506054876980678,362.28808259309193,4300.602830636888,287.63670671654336,0.0,0.0
can_coke_t1,0.0,0.0,0.0,0.0,0.0,278.8982877285673,3405.2963437412077,229.54744605137105,0.0,0.0
can_coke_t2,0.0,0.0,0.0,0.0,2.23567842706951,270.10406034772734,3403.9339318834795,267.515901736939,0.0,0.0
can_coke_t3,0.0,0.0,0.0,0.0,0.0,317.5420637580122,3243.2641517163725,175.69346806742936,0.0,0.0
can_coke_t4,0.0,6.6021620044958915,0.0,0.0,2.105689141350166,228.73112846102703,3177.1380591995817,242.4295400355694,0.0,0.0
can_coke_t5,0.0,0.0,0.0,0.0,0.0,262.5779805349199,3266.8733092662824,258.99393155171816,0.0,0.0
can_red_bull_large_t1,0.0,2.2692470821838686,0.0,0.0,13.185241427889984,343.32328843054495,3339.519735033389,223.76380001576524,2.989087875924694,0.0
can_red_bull_large_t2,0.0,0.0,0.0,0.0,8.400612814570653,278.136691738739,3431.223496160781,265.78185094459445,0.0,0.0
can_red_bull_large_t3,0.0,0.0,0.0,0.0,12.473228524471256,255.40576393709753,3310.981905562775,221.29085181825656,0.0,0.0
can_red_bull_large_t4,0.0,0.0,0.0,0.0,0.0,280.93674033268684,3348.544206267319,218.7250710328078,0.0,0.0
can_red_bull_large_t5,0.0,0.0,3.6626312033973605,0.0,30.21411911518927,241.3460873196353,3068.3716413375555,192.6225858878036,0.0,0.0
can_red_bull_small_t1,0.0,0.0,0.0,0.0,0.0,307.5498221054834,3088.2591644443737,211.05728352273988,0.0,0.0
can_red_bull_small_t2,0.0,12.469541422935102,0.0,0.0,0.0,248.69778523566558,3004.9777964135933,210.78488581869794,0.0,0.0
can_red_bull_small_t3,0.0,0.0,0.0,0.0,0.0,218.93063061552874,3096.373242905251,225.66421074003236,0.0,0.0
can_red_bull_small_t4,0.0,0.0,0.0,0.0,26.95677162443863,314.4280937258285,3035.828866518116,232.13724237675873,0.0,0.0
can_red_bull_small_t5,0.0,0.0,0.0,0.0,0.0,233.82601040009237,3281.0459891968976,213.15053365232527,0.0,0.0
can_starbucks_t1,0.0,0.0,0.0,0.0,0.0,311.6137251507552,3559.801140889482,225.84063847293433,0.0,0.0
can_starbucks_t2,0.0,0.0,0.0,0.0,0.0,228.39747369748358,3563.089560368991,163.54539136800716,0.0,0.0
can_starbucks_t3,0.0,0.0,0.0,0.0,7.558939918966873,270.35647277755197,3085.4768240580306,230.93321782991666,0.0,0.0
can_starbucks_t4,0.0,0.0,0.0,0.0,8.522059705108749,284.3308200980371,3031.094409630546,199.19375667391708,0.0,0.0
can_starbucks_t5,0.0,0.0,0.0,0.0,0.0,252.31318431977198,3307.5589040417667,249.70739359719346,0.0,0.0
cone_1_t1,0.0,31.180097606293913,0.0,0.0,6.286189360674443,223.7339749266962,2781.1243969645448,239.76020271956364,2.007936233449658,0.0
cone_1_t2,2.2039116497718325,17.955351828222007,0.0,0.0,0.0,225.94251838968458,2237.0933308733224,161.8106304820291,0.0,0.0
cone_1_t3,0.0,0.0,0.0,0.0,0.0,236.64971334462913,2412.2211612865667,223.5760731683525,0.0,0.0
cone_1_t4,0.0,0.0,0.0,0.0,20.783177089142107,269.1038348712525,2384.6759092532106,284.44850306807524,0.0,0.0
cone_1_t5,0.0,0.0,0.0,0.0,0.0,268.7053622552095,2433.4494749441405,219.03700755190914,0.0,0.0
cone_2_t1,0.0,67.28659469914102,6.508085769501679,0.0,2.282203741283797,249.43516542285613,2479.692144501264,263.17137416516925,0.0,19.56072363408565
cone_2_t2,0.0,0.0,0.0,0.0,8.264789059536906,330.5452108267724,2861.2615862870075,281.1667403419926,0.0,0.0
cone_2_t3,0.0,0.0,0.0,0.0,6.206137764603698,210.69699548457538,2742.6137141703084,246.15289236875665,0.0,0.0
cone_2_t4,0.0,0.0,0.0,0.0,0.0,292.32343159084905,3219.9553514547633,255.6216697424025,0.0,0.0
cone_2_t5,0.0,0.0,0.0,0.0,5.507956885270617,245.63645130359316,3181.471725146853,236.66423478080551,0.0,0.0
cone_3_t1,0.0,0.0,0.0,0.0,0.0,288.89840461206654,3292.9681015309657,288.41848741135414,0.0,0.0
cone_3_t2,0.0,0.0,0.0,0.0,2.0370140116673228,412.3375997012561,3025.5902690645703,233.44929271259699,0.0,0.0
cone_3_t3,0.0,0.0,0.0,0.0,0.0,285.3193875215625,3589.5096881559507,330.02455791289566,0.0,0.0
cone_3_t4,0.0,0.0,0.0,0.0,2.6883042354800546,314.4714742071932,3417.5080996734328,305.54103800794036,0.0,0.0
cone_3_t5,0.0,0.0,0.0,0.0,4.296799656034709,351.38894908502726,3589.4406890520895,366.10073028698434,0.0,0.0
cone_4_t1,0.0,0.0,0.0,0.0,0.0,385.88862402195554,3882.106638180699,287.5494825450377,0.0,0.0
cone_4_t2,0.0,0.0,0.0,0.0,3.055922406672002,340.284853588912,4143.563165727099,379.50741687715066,0.0,0.0
cone_4_t3,18.475999893911162,82.02047564819792,10.66261200345814,0.0,8.140073830123551,264.68495968957313,3553.3640912831156,308.474182102938,0.0,0.0
cone_4_t4,15.009030827486265,197.86046145537296,32.421612263534854,0.0,0.0,255.1412619041312,3079.747385664286,232.55650499682625,0.0,32.51438333241883
cone_4_t5,13.470008192349562,245.86599719688294,39.80298674418598,0.0,15.610891225194528,348.69062494789415,3459.1470870556664,320.59196984461465,15.476670949720905,16.732635296739684
cone_5_t1,22.09741551051913,108.72259291715889,13.673229403629474,0.0,25.595085108832233,343.9500198885789,3992.7246163366494,330.7280968602011,5.6757709608475215,0.0
cone_5_t2,94.19454407401781,922.9760786282434,96.64514926726913,0.0,0.0,477.5449981628967,4752.724822973279,300.36516340155606,25.00565349925843,0.0
cone_5_t3,6.984113571997697,90.7507069949959,15.089185511326061,0.0,0.0,359.67122510971467,4239.284662381958,337.4892528484985,0.0,0.0
cone_5_t4,101.85583963698097,728.7566244170575,120.6707626667906,0.0,0.0,525.2112697216635,4690.397123134145,417.2120203826768,0.0,0.0
cone_5_t5,67.23947309042784,447.5865543735623,45.10524397739633,0.0,20.44006186202562,461.0530517952334,3979.8780757065556,341.44720151326334,9.28422193967007,0.0
bottle_fuse_t1,6.431123244798233,52.28360829238173,6.634504140891942,0.0,14.538842779742094,445.5404682985534,4214.886109116542,370.2807113389767,2.6697222421068454,0.0
bottle_fuse_t2,6.283878707333091,88.55628981294987,4.33788206496291,6.67152936010978,9.799051267208508,376.0850489999642,4617.800404831913,353.2957863036675,2.0921757402522383,16.640957425076216
bottle_fuse_t3,11.133428920410898,88.82893360075418,9.145157325208412,0.0,49.58154842837047,409.0943757646534,4667.098750133537,341.32246496086543,0.0,2.365748449437514
bottle_fuse_t4,10.043101090878494,57.15130921577108,5.099494038623457,0.0,15.567238052117933,372.85374721470384,4652.853224475329,348.6683221634926,0.0,10.749689982451448
bottle_fuse_t5,4.411245610971066,20.368716426875427,0.0,0.0,16.647249840099917,437.0713770025796,4908.86803570546,298.62088070162724,2.432213734440294,0.0
bottle_google_t1,4.384139550069875,49.94191884585433,0.0,0.0,10.833445357395531,226.90128785885122,3517.1718128518028,239.34361562071206,0.0,0.0
bottle_google_t2,0.0,0.0,0.0,0.0,16.082676484347772,290.3579666517327,3697.3346050039127,288.31332620094616,0.0,0.0
bottle_google_t3,0.0,21.74873533376178,0.0,0.0,14.772679966018107,359.86139709675484,4647.842391836361,337.7659091372315,0.0,0.0
bottle_google_t4,0.0,0.0,0.0,0.0,11.084674475209173,231.96035367135138,4151.542601429731,182.4317397206584,0.0,0.0
bottle_google_t5,0.0,0.0,0.0,0.0,5.903753355152412,307.5044939647209,3595.9692999984322,202.08547315913123,0.0,0.0
bottle_green_t1,0.0,0.0,0.0,0.0,0.0,344.5519500057366,4192.300938129736,239.01204193896513,0.0,0.0
bottle_green_t2,4.37339313626025,69.4633634700724,4.907223226088687,14.369250910159646,4.48733547013464,305.6134079477395,4839.2661287024885,220.36243066028578,3.288208329774742,2.02143252402869
bottle_green_t3,17.621426551642784,318.92040132930856,0.0,0.0,3.5833012654718623,367.3090793940036,4961.979729712057,302.97933140202923,0.0,0.0
bottle_green_t4,7.056856158485379,299.55972117011174,11.928720916787666,0.0,0.0,337.7697195645881,4378.07367694791,247.99502671026687,0.0,21.58519806875949
bottle_green_t5,5.69891224675011,181.16631152100888,2.789884686541901,0.0,4.143417710107144,368.12697401209044,4361.699276721406,283.46758924876514,0.0,0.0
bottle_red_t1,0.0,0.0,0.0,0.0,0.0,292.9974218462378,3917.62731722451,221.69244629262795,0.0,0.0
bottle_red_t2,0.0,0.0,0.0,0.0,2.1412013311599165,379.2294347359656,3973.0953822677234,253.26255939676682,0.0,0.0
bottle_red_t3,0.0,0.0,0.0,0.0,0.0,312.3251118519539,4085.9834030143697,225.455028243143,0.0,0.0
bottle_red_t4,0.0,0.0,0.0,0.0,0.0,394.9984820881339,4572.510927342455,285.4880048007154,0.0,0.0
bottle_red_t5,0.0,0.0,0.0,0.0,19.427623870778802,273.9841921730765,4168.669261617974,222.65757297709567,0.0,0.0
bottle_sobe_t1,0.0,0.0,0.0,0.0,4.724233523821615,271.9439775287677,3449.1398379530738,240.9139443863561,0.0,0.0
bottle_sobe_t2,0.0,2.219023073336553,0.0,0.0,0.0,274.7549665064414,4352.3139179128275,269.04598413241143,0.0,0.0
bottle_sobe_t3,0.0,95.03344905541265,4.357567456151202,0.0,3.458495950647333,365.18111811415235,4432.244781876777,297.9956989949357,0.0,0.0
bottle_sobe_t4,9.748949385055134,115.60111993482397,13.73773548144889,0.0,0.0,398.43435769766626,4707.343970416831,222.2366818588615,0.0,0.0
bottle_sobe_t5,2.3294262572788176,0.0,0.0,0.0,0.0,252.43162819571265,3495.6119181795907,280.62991080583777,0.0,0.0
cannedfood_chili_t1,0.0,0.0,0.0,0.0,6.566800540824395,215.0632497715043,6529.236380545364,167.7469204395232,0.0,0.0
cannedfood_chili_t2,0.0,0.0,0.0,0.0,11.733581349623908,252.00336240087066,4133.924968192794,226.87053331921572,0.0,0.0
cannedfood_chili_t3,0.0,0.0,0.0,0.0,28.583174617364357,277.6941275163793,3790.7992834987263,238.8092378613655,0.0,0.0
cannedfood_chili_t4,0.0,0.0,0.0,0.0,20.002975030771132,295.3743260368864,3495.068165538388,274.24443010310955,0.0,0.0
cannedfood_chili_t5,0.0,0.0,0.0,0.0,0.0,292.60230728064863,3978.4740761950966,263.0521840292538,0.0,0.0
cannedfood_cowboy_cookout_t1,0.0,0.0,0.0,0.0,4.377296720237389,280.6259087280464,2702.619162100914,265.98786906322516,0.0,0.0
cannedfood_cowboy_cookout_t2,0.0,0.0,0.0,0.0,4.757332151730454,300.1986434595907,2661.279268421156,175.59461844959725,0.0,0.0
cannedfood_cowboy_cookout_t3,0.0,0.0,0.0,0.0,3.3487028353601773,283.0688956160883,2531.2188720052022,238.0199502029627,0.0,0.0
cannedfood_cowboy_cookout_t4,0.0,0.0,0.0,0.0,0.0,270.92862357991424,2535.5829145154453,304.9868784001462,0.0,0.0
cannedfood_cowboy_cookout_t5,0.0,0.0,0.0,0.0,12.916964070372051,322.93455031831627,2319.1676438359414,228.0904124071855,0.0,0.0
cannedfood_soup_t1,0.0,0.0,0.0,0.0,7.522876751117849,290.95166651058815,2445.4393471890667,184.2114014499754,0.0,0.0
cannedfood_soup_t2,0.0,0.0,0.0,0.0,9.302078083691363,227.25148317073692,2050.90310312246,249.79604107177468,0.0,0.0
cannedfood_soup_t3,0.0,0.0,0.0,0.0,4.416907716650757,294.7817358351065,2580.654105774814,251.24249937025354,0.0,0.0
cannedfood_soup_t4,0.0,0.0,0.0,0.0,2.6847008669938925,218.97452859338955,2096.850375630079,201.08124088267724,0.0,0.0
cannedfood_soup_t5,0.0,0.0,0.0,0.0,7.516328036214586,266.3171604463384,2327.910183453181,172.22021638284772,0.0,0.0
cannedfood_tomatoes_t1,0.0,0.0,0.0,0.0,3.8110751088898787,272.68132299808826,2553.009379975392,206.71927152342286,0.0,0.0
cannedfood_tomatoes_t2,0.0,0.0,0.0,0.0,12.304891412864507,241.71310481917112,2323.3409727037447,154.54227683103662,0.0,0.0
cannedfood_tomatoes_t3,0.0,0.0,0.0,0.0,2.2885752991763235,247.08056931466712,2141.7666984428565,242.1620416936023,0.0,0.0
cannedfood_tomatoes_t4,0.0,2.463631273141336,0.0,0.0,0.0,188.80197927202892,1946.158535733202,152.90269639174056,0.0,0.0
cannedfood_tomatoes_t5,0.0,0.0,0.0,0.0,0.0,243.34223600518925,2227.350222891006,166.8413955377611,0.0,0.0
cannedfood_tomato_paste_t1,0.0,0.0,0.0,0.0,16.870147896441495,284.4986150083159,2863.261104074338,286.3641045640883,0.0,0.0
cannedfood_tomato_paste_t2,0.0,0.0,0.0,0.0,0.0,185.20675715876277,2205.0670525203395,213.867866757301,0.0,0.0
cannedfood_tomato_paste_t3,0.0,0.0,0.0,0.0,0.0,326.46849542208116,2075.286498371893,192.4304370324242,0.0,0.0
cannedfood_tomato_paste_t4,0.0,0.0,0.0,0.0,0.0,198.6499770451514,1837.1482359104912,158.81475614297864,0.0,0.0
cannedfood_tomato_paste_t5,0.0,0.0,0.0,0.0,3.757525311859389,192.3527522673877,2390.459704379698,197.39030286466422,0.0,0.0
