ball_base_t1,0.0,0.0,0.0,0.0,0.0,96.13507555480375,6898.422275823407,100.00298584939962,0.0,0.0
ball_base_t2,0.0,0.0,0.0,0.0,0.0,92.12390202498955,6763.104806451698,92.34128665143948,0.0,0.0
ball_base_t3,0.0,0.0,0.0,0.0,0.0,113.53324023595496,6876.6089661846245,101.85423168844135,0.0,0.0
ball_base_t4,0.0,0.0,0.0,0.0,0.0,111.50226287592196,7187.280897541244,99.29968847711336,0.0,0.0
ball_base_t5,0.0,0.0,0.0,0.0,0.0,123.74129589231174,7210.829093019128,93.99448512927653,0.0,0.0
ball_blue_t1,0.0,0.0,0.0,0.0,0.0,114.65172903653247,6714.1626046701995,96.36376252612487,0.0,0.0
ball_blue_t2,0.0,0.0,0.0,0.0,0.0,91.28470205943286,7083.229186620355,114.56062559827625,0.0,0.0
ball_blue_t3,0.0,0.0,0.0,0.0,0.0,93.85746038496244,7141.475366032747,84.88828868439454,0.0,0.0
ball_blue_t4,0.0,0.0,0.0,0.0,0.0,102.37848815259999,7248.696717322471,116.44639821535824,0.0,0.0
ball_blue_t5,0.0,0.0,0.0,0.0,0.0,103.62509219272724,7051.42470124599,100.09166017012414,0.0,0.0
ball_yellow_purple_t1,0.0,0.0,0.0,0.0,0.0,111.45583716596626,6873.178810231334,131.36864388144974,0.0,0.0
ball_yellow_purple_t2,0.0,0.0,0.0,0.0,0.0,98.52428743165166,7019.083328943693,128.3138185821558,0.0,0.0
ball_yellow_purple_t3,0.0,0.0,0.0,0.0,0.0,81.85275767208402,6935.95664856468,123.13207640632027,0.0,0.0
ball_yellow_purple_t4,0.0,0.0,0.0,0.0,0.0,80.11293582855272,6884.704123887194,137.51695347246297,0.0,0.0
ball_yellow_purple_t5,0.0,0.0,0.0,0.0,0.0,69.04556025604103,7098.00485423141,107.25160164277547,0.0,0.0
bigstuffedanimal_bunny_t1,0.0,0.0,0.0,0.0,0.0,118.51272177356473,6892.059032666005,66.89224360296504,0.0,0.0
bigstuffedanimal_bunny_t2,0.0,0.0,0.0,0.0,0.0,75.80373893423818,6892.805954456258,84.697690352996,0.0,0.0
bigstuffedanimal_bunny_t3,0.0,136.10107242542185,0.0,0.0,0.0,91.92182196358213,6129.579188982197,85.36449438132392,0.0,0.0
bigstuffedanimal_bunny_t4,0.0,0.0,0.0,0.0,0.0,71.79823118675544,6994.137136132368,74.1764829028943,0.0,0.0
bigstuffedanimal_bunny_t5,0.0,0.0,0.0,0.0,0.0,93.48262038877613,7046.014033511819,68.3528096700525,0.0,0.0
tupperware_marbles_t1,0.0,0.0,0.0,0.0,0.0,71.93833943682245,4870.825998843244,86.33471694401176,0.0,0.0
tupperware_marbles_t2,0.0,0.0,0.0,0.0,0.0,67.67183297650448,4894.7777828136805,113.50525938909351,0.0,0.0
tupperware_marbles_t3,0.0,0.0,0.0,0.0,0.0,61.05833222464688,4588.067312143638,107.96656970713539,0.0,0.0
tupperware_marbles_t4,0.0,19.221000977569236,0.0,3.0894746430420823,0.0,84.21334959928382,5023.706482235534,105.33037339239759,2.0112540532961023,0.0
tupperware_marbles_t5,0.0,0.0,0.0,0.0,0.0,99.24758407186482,4980.802649626181,96.72743837456714,0.0,0.0
timber_rectangle_t1,0.0,0.0,0.0,0.0,0.0,53.924631246280164,2278.74461810092,48.35091958424395,0.0,0.0
timber_rectangle_t2,0.0,0.0,0.0,0.0,2.149700154883225,59.41219159834385,2312.226938085496,39.95288451929007,0.0,0.0
timber_rectangle_t3,0.0,0.0,0.0,0.0,8.622274319826683,58.04754256858721,2010.053154368902,32.54285361170484,0.0,0.0
timber_rectangle_t4,0.0,0.0,0.0,0.0,0.0,41.9526714765079,2157.5054849253647,59.58018292204391,0.0,0.0
timber_rectangle_t5,0.0,0.0,0.0,0.0,0.0,103.11997937361357,2290.3635620581713,41.35252655088947,0.0,0.0
smallstuffedanimal_otter_t1,0.0,0.0,0.0,0.0,0.0,86.77835817212647,7014.671021467064,93.02089432797744,0.0,0.0
smallstuffedanimal_otter_t2,0.0,0.0,0.0,0.0,0.0,82.01719895233983,7324.309962881621,73.96978579002024,0.0,0.0
smallstuffedanimal_otter_t3,0.0,0.0,0.0,0.0,0.0,115.10102351436487,7030.897347647063,82.3363656907318,0.0,0.0
smallstuffedanimal_otter_t4,0.0,0.0,0.0,0.0,0.0,89.53325376231528,6687.320539792486,64.45973063309135,0.0,0.0
smallstuffedanimal_otter_t5,0.0,0.0,0.0,0.0,0.0,92.87432501349369,6715.717609065718,78.8742541909276,0.0,0.0
pasta_rotini_t1,0.0,0.0,0.0,0.0,0.0,74.50930648116878,3437.584828635531,62.01299396934406,0.0,0.0
pasta_rotini_t2,0.0,0.0,0.0,0.0,0.0,77.07260688762828,3522.274700476007,68.6842102449337,0.0,0.0
pasta_rotini_t3,0.0,0.0,0.0,0.0,0.0,79.03024741009767,3091.666422313346,51.75082894911162,0.0,0.0
pasta_rotini_t4,0.0,0.0,0.0,0.0,0.0,81.52370717045861,3385.906998711432,66.18631240118636,0.0,0.0
pasta_rotini_t5,0.0,0.0,0.0,0.0,0.0,69.77138272733954,3580.219947599244,57.10364151360046,0.0,0.0
medicine_flaxseed_oil_t1,0.0,0.0,0.0,0.0,2.3324068040545587,99.53636760863857,5127.177419529548,83.3023120348185,0.0,0.0
medicine_flaxseed_oil_t2,0.0,0.0,0.0,0.0,0.0,78.60361963019389,5244.157366977685,109.29769544682327,0.0,0.0
medicine_flaxseed_oil_t3,0.0,0.0,0.0,0.0,0.0,67.70447461050978,5342.716945587147,92.97405301502664,0.0,0.0
medicine_flaxseed_oil_t4,0.0,0.0,0.0,0.0,0.0,89.43384675650583,5014.558444310646,94.87735776580975,0.0,0.0
medicine_flaxseed_oil_t5,0.0,0.0,0.0,0.0,0.0,76.90663268592779,5145.290242894935,95.92989299712622,0.0,0.0
cup_metal_t1,0.0,0.0,0.0,0.0,0.0,189.37816551887806,10007.656399750578,182.07930793442748,0.0,0.0
cup_metal_t2,4.3600750534778445,23.589793402667347,0.0,0.0,0.0,102.37263372079292,5622.200842708124,83.97005308077316,8.071989817355806,0.0
cup_metal_t3,0.0,0.0,0.0,0.0,0.0,94.55138170977638,5686.683885628561,87.14889017064422,0.0,0.0
cup_metal_t4,0.0,11.142149189404464,0.0,0.0,0.0,115.10322829882666,6288.290870450571,93.26354810166343,0.0,0.0
cup_metal_t5,0.0,41.58041833962339,0.0,0.0,0.0,174.90471711480728,9389.318530752895,193.09740147427914,0.0,0.0
eggcoloringcup_orange_t1,0.0,0.0,0.0,0.0,0.0,86.31806290525927,7300.8783970498,95.59334033249388,0.0,0.0
eggcoloringcup_orange_t2,0.0,0.0,0.0,0.0,0.0,111.40315767557821,7214.733440681084,124.04979728237423,0.0,0.0
eggcoloringcup_orange_t3,0.0,0.0,0.0,0.0,0.0,67.76619946055548,7047.394365520876,94.31698149642757,0.0,0.0
eggcoloringcup_orange_t4,0.0,0.0,0.0,0.0,2.067200525440435,86.4212180358876,7327.29569002113,123.6059774872099,0.0,0.0
eggcoloringcup_orange_t5,0.0,0.0,0.0,0.0,0.0,62.64036335276922,7326.943123455356,125.53815097551762,0.0,0.0
eggcoloringcup_pink_t1,0.0,0.0,0.0,0.0,0.0,103.79782577948141,7268.090862018176,91.66877912025228,0.0,0.0
eggcoloringcup_pink_t2,0.0,0.0,0.0,0.0,0.0,135.9256501338857,7221.422620687479,99.82329655235972,0.0,0.0
eggcoloringcup_pink_t3,0.0,0.0,0.0,0.0,0.0,114.60863369588623,7116.3563039196015,103.68344460232584,0.0,0.0
eggcoloringcup_pink_t4,0.0,0.0,0.0,0.0,0.0,87.16249063268239,7278.178610745777,98.42263549778173,0.0,0.0
eggcoloringcup_pink_t5,0.0,0.0,0.0,0.0,0.0,109.06750268518951,7138.872123036504,104.49573322476441,0.0,0.0
eggcoloringcup_yellow_t1,0.0,0.0,0.0,0.0,0.0,108.44641215915136,7040.685292043136,126.05202069153687,0.0,0.0
eggcoloringcup_yellow_t2,0.0,0.0,0.0,0.0,0.0,89.51336833867967,7061.810114877269,101.94171111522382,0.0,0.0
eggcoloringcup_yellow_t3,0.0,0.0,0.0,0.0,0.0,109.54468696869199,7056.501239495215,103.0184621287076,0.0,0.0
eggcoloringcup_yellow_t4,0.0,0.0,0.0,0.0,0.0,75.87005852640564,7271.407923341112,129.0111516404176,0.0,0.0
eggcoloringcup_yellow_t5,0.0,0.0,0.0,0.0,0.0,82.40514043973798,7137.930410999624,105.66721566813133,0.0,0.0
can_red_bull_small_t1,0.0,0.0,0.0,0.0,0.0,99.228481271709,4916.345909948947,90.85945949683298,0.0,0.0
can_red_bull_small_t2,0.0,0.0,0.0,0.0,0.0,98.45986193665364,4970.6412742574275,93.39489225058583,0.0,0.0
can_red_bull_small_t3,0.0,0.0,0.0,0.0,0.0,76.92880495404094,4852.44584244873,69.7810357782875,0.0,0.0
can_red_bull_small_t4,0.0,0.0,0.0,0.0,0.0,73.98607330124418,5125.093241969773,81.05805762011185,0.0,0.0
can_red_bull_small_t5,0.0,0.0,0.0,0.0,0.0,84.77817019413743,5211.8176408201825,93.26125933590883,0.0,0.0
cone_3_t1,0.0,0.0,0.0,0.0,2.332954183004887,35.13644609218967,1637.749903736409,50.16988572111839,0.0,0.0
cone_3_t2,0.0,0.0,0.0,0.0,0.0,39.24938773642278,1582.5026482089265,53.05748243236015,0.0,0.0
cone_3_t3,0.0,0.0,0.0,0.0,0.0,39.2814320929819,1666.284186588826,48.13573338989079,0.0,0.0
cone_3_t4,0.0,2.124498267827018,0.0,0.0,0.0,51.43532876447448,1569.0097191165503,51.00286819694614,0.0,0.0
cone_3_t5,0.0,0.0,0.0,0.0,0.0,39.98128852715154,1774.7698128852296,44.76485166149796,0.0,0.0
