ball_base_t1,0.0,0.0,0.0,0.0,0.0,96.13507555480375,6898.422275823407,100.00298584939962,0.0,0.0
ball_base_t2,0.0,0.0,0.0,0.0,0.0,92.12390202498955,6763.104806451698,92.34128665143948,0.0,0.0
ball_base_t3,0.0,0.0,0.0,0.0,0.0,113.53324023595496,6876.6089661846245,101.85423168844135,0.0,0.0
ball_base_t4,0.0,0.0,0.0,0.0,0.0,111.50226287592196,7187.280897541244,99.29968847711336,0.0,0.0
ball_base_t5,0.0,0.0,0.0,0.0,0.0,123.74129589231174,7210.829093019128,93.99448512927653,0.0,0.0
ball_basket_t1,0.0,0.0,0.0,0.0,0.0,103.1151243738832,7165.290873142113,89.25949200638279,0.0,0.0
ball_basket_t2,0.0,0.0,0.0,0.0,0.0,77.10302162871042,7184.409984679573,92.23099656479326,0.0,0.0
ball_basket_t3,0.0,0.0,0.0,0.0,0.0,90.11584947573448,7105.4541384001195,110.02560032423436,0.0,0.0
ball_basket_t4,0.0,0.0,0.0,0.0,0.0,82.77145013444806,6978.782178192088,100.57235352124289,0.0,0.0
ball_basket_t5,0.0,0.0,0.0,0.0,0.0,111.12793755889174,7045.905588271426,104.72860825021696,0.0,0.0
ball_blue_t1,0.0,0.0,0.0,0.0,0.0,114.65172903653247,6714.1626046701995,96.36376252612487,0.0,0.0
ball_blue_t2,0.0,0.0,0.0,0.0,0.0,91.28470205943286,7083.229186620355,114.56062559827625,0.0,0.0
ball_blue_t3,0.0,0.0,0.0,0.0,0.0,93.85746038496244,7141.475366032747,84.88828868439454,0.0,0.0
ball_blue_t4,0.0,0.0,0.0,0.0,0.0,102.37848815259999,7248.696717322471,116.44639821535824,0.0,0.0
ball_blue_t5,0.0,0.0,0.0,0.0,0.0,103.62509219272724,7051.42470124599,100.09166017012414,0.0,0.0
ball_transparent_t1,0.0,0.0,0.0,0.0,0.0,80.9028317256666,6973.3312928759815,126.77127432237383,0.0,0.0
ball_transparent_t2,0.0,0.0,0.0,0.0,0.0,126.39072699227653,6222.043759121284,134.72987944434598,0.0,0.0
ball_transparent_t3,0.0,0.0,0.0,0.0,0.0,126.21390160095088,6562.958453242761,118.86802781466291,0.0,0.0
ball_transparent_t4,0.0,0.0,0.0,0.0,0.0,104.52042060715172,6563.716881600706,110.55963412271447,0.0,0.0
ball_transparent_t5,0.0,0.0,0.0,0.0,0.0,107.20175038181338,6810.694415515564,110.35716200724896,0.0,0.0
ball_yellow_purple_t1,0.0,0.0,0.0,0.0,0.0,111.45583716596626,6873.178810231334,131.36864388144974,0.0,0.0
ball_yellow_purple_t2,0.0,0.0,0.0,0.0,0.0,98.52428743165166,7019.083328943693,128.3138185821558,0.0,0.0
ball_yellow_purple_t3,0.0,0.0,0.0,0.0,0.0,81.85275767208402,6935.95664856468,123.13207640632027,0.0,0.0
ball_yellow_purple_t4,0.0,0.0,0.0,0.0,0.0,80.11293582855272,6884.704123887194,137.51695347246297,0.0,0.0
ball_yellow_purple_t5,0.0,0.0,0.0,0.0,0.0,69.04556025604103,7098.00485423141,107.25160164277547,0.0,0.0
basket_cylinder_t1,0.0,0.0,0.0,0.0,0.0,80.95635943303101,6732.902500411904,65.81969521917104,0.0,0.0
basket_cylinder_t2,0.0,0.0,0.0,0.0,2.081482941020896,69.22160078050824,6799.048022691837,91.55381383556141,0.0,0.0
basket_cylinder_t3,0.0,0.0,0.0,0.0,0.0,84.96618314908716,6791.114321411192,99.57211908175795,0.0,0.0
basket_cylinder_t4,0.0,0.0,0.0,0.0,0.0,76.7844873035296,6725.723750043622,78.30225444584637,0.0,0.0
basket_cylinder_t5,0.0,0.0,0.0,0.0,0.0,0.0,0.0,0.0,0.0,0.0
basket_funnel_t1,0.0,0.0,0.0,0.0,2.076311199015215,86.90899691260756,4084.7037197637487,92.95573718628509,0.0,0.0
basket_funnel_t2,26.093629877819026,381.7322027443272,6.8092803476914145,0.0,5.324427618925982,98.0677377538881,8705.99371545292,174.74178418234604,0.0,0.0
basket_funnel_t3,0.0,94.45587686758225,0.0,0.0,0.0,125.73154484088003,8158.826997728077,124.35193228570171,0.0,0.0
basket_funnel_t4,0.0,0.0,0.0,0.0,4.2640032726075905,91.22106878925985,4311.414673587153,93.12792481333233,0.0,0.0
basket_funnel_t5,2.0346508914307635,265.97271027817004,0.0,0.0,6.346645437436935,162.90496299084487,9102.912353596377,208.92931347161093,2.2274289632668425,0.0
basket_green_t1,0.0,0.0,0.0,0.0,0.0,105.24747094512105,7089.9284686243855,106.17072333223922,0.0,0.0
basket_green_t2,0.0,0.0,0.0,0.0,0.0,111.469883075131,7314.044732053847,78.1257285706765,0.0,0.0
basket_green_t3,0.0,0.0,0.0,0.0,0.0,88.72814475182635,7338.922967570878,81.15142298024452,0.0,0.0
basket_green_t4,0.0,0.0,0.0,0.0,0.0,95.13709771772038,7242.591237080271,78.17315637422215,0.0,0.0
basket_green_t5,0.0,14.892801069771188,0.0,8.30540612716343,0.0,67.54006677389117,7285.212941772343,62.10678968243665,9.85752483935887,0.0
basket_handle_t1,0.0,0.0,0.0,0.0,0.0,52.51776640304751,2556.5635599493544,20.495508345532492,0.0,0.0
basket_handle_t2,0.0,0.0,0.0,0.0,0.0,62.590996019102846,2839.798618605142,35.663018374583594,0.0,0.0
basket_handle_t3,0.0,0.0,0.0,0.0,0.0,41.822762384721614,2582.340476571227,35.824966894312574,0.0,0.0
basket_handle_t4,0.0,0.0,0.0,0.0,0.0,51.59609421204167,2707.129190482321,47.47235296961488,0.0,0.0
basket_handle_t5,0.0,0.0,0.0,0.0,0.0,60.24044457231385,2591.637708295371,34.6388272255007,0.0,0.0
basket_semicircle_t1,0.0,0.0,0.0,0.0,0.0,168.73332483408208,9828.87864814971,178.13712540690946,0.0,0.0
basket_semicircle_t2,0.0,6.157146155350446,0.0,0.0,2.0510733296067207,96.51120899650246,4448.834039036346,64.96937143590866,0.0,0.0
basket_semicircle_t3,4.319586366122772,75.07370653664951,0.0,0.0,0.0,76.33225766164519,4899.635293890298,105.62883966782395,0.0,0.0
basket_semicircle_t4,2.1644579996849096,95.0718523016485,0.0,0.0,0.0,132.4880196844758,5515.376590303403,116.6961765263614,0.0,0.0
basket_semicircle_t5,0.0,0.0,0.0,0.0,0.0,73.8771555748118,4113.419857475358,97.20298411863708,0.0,0.0
bigstuffedanimal_bear_t1,0.0,0.0,0.0,0.0,0.0,80.26788871041515,5844.298537300717,81.93053350988487,0.0,0.0
bigstuffedanimal_bear_t2,0.0,0.0,0.0,0.0,0.0,84.40549248096083,5857.711293660713,70.75297985247977,0.0,0.0
bigstuffedanimal_bear_t3,0.0,0.0,0.0,0.0,0.0,84.78554292881887,6238.5847604425235,66.57466863102351,0.0,0.0
bigstuffedanimal_bear_t4,0.0,0.0,0.0,0.0,0.0,94.35178174397512,6026.6653982891985,79.0026813975682,0.0,0.0
bigstuffedanimal_bear_t5,0.0,0.0,0.0,0.0,0.0,84.23246362621614,6190.513717732205,87.31596037084898,0.0,0.0
bigstuffedanimal_bunny_t1,0.0,0.0,0.0,0.0,0.0,118.51272177356473,6892.059032666005,66.89224360296504,0.0,0.0
bigstuffedanimal_bunny_t2,0.0,0.0,0.0,0.0,0.0,75.80373893423818,6892.805954456258,84.697690352996,0.0,0.0
bigstuffedanimal_bunny_t3,0.0,136.10107242542185,0.0,0.0,0.0,91.92182196358213,6129.579188982197,85.36449438132392,0.0,0.0
bigstuffedanimal_bunny_t4,0.0,0.0,0.0,0.0,0.0,71.79823118675544,6994.137136132368,74.1764829028943,0.0,0.0
bigstuffedanimal_bunny_t5,0.0,0.0,0.0,0.0,0.0,93.48262038877613,7046.014033511819,68.3528096700525,0.0,0.0
bigstuffedanimal_frog_t1,0.0,0.0,0.0,0.0,0.0,104.30686838555422,6233.760258920468,83.6840095776982,0.0,0.0
bigstuffedanimal_frog_t2,0.0,0.0,0.0,0.0,0.0,91.62165055542465,5895.058735195888,85.60208781516297,0.0,0.0
bigstuffedanimal_frog_t3,0.0,0.0,0.0,0.0,0.0,92.65709273049494,5800.571352442064,60.111924068344656,0.0,0.0
bigstuffedanimal_frog_t4,0.0,0.0,0.0,0.0,0.0,82.20496398014245,5906.888082685567,52.29502687660578,0.0,0.0
bigstuffedanimal_frog_t5,0.0,0.0,0.0,0.0,2.1775001052731113,86.86065065030112,6337.336064302102,58.179927752943755,0.0,0.0
bigstuffedanimal_pink_dog_t1,0.0,0.0,0.0,0.0,0.0,99.32404142613393,6727.123791291705,85.85823340059713,0.0,0.0
bigstuffedanimal_pink_dog_t2,0.0,0.0,0.0,0.0,0.0,105.04237509082132,6814.357176173014,101.52986930692651,0.0,0.0
bigstuffedanimal_pink_dog_t3,0.0,0.0,0.0,0.0,0.0,80.2538997325828,6899.350010519617,74.27028091107023,0.0,0.0
bigstuffedanimal_pink_dog_t4,0.0,0.0,0.0,0.0,0.0,72.00360053238207,6770.112373176493,93.21150761457803,0.0,0.0
bigstuffedanimal_pink_dog_t5,0.0,0.0,0.0,0.0,2.3508790115775846,49.13750919161168,6582.104660397807,87.20205431769068,0.0,0.0
bigstuffedanimal_tan_dog_t1,0.0,0.0,0.0,0.0,0.0,87.52788600301007,7138.413756619685,64.33626103033977,0.0,0.0
bigstuffedanimal_tan_dog_t2,0.0,51.38566519084001,0.0,0.0,0.0,94.54374084583452,6946.60928182134,78.65582655495366,0.0,0.0
bigstuffedanimal_tan_dog_t3,0.0,0.0,0.0,0.0,0.0,79.21471797001178,6682.587943809726,106.90839216536298,0.0,0.0
bigstuffedanimal_tan_dog_t4,0.0,0.0,0.0,0.0,0.0,75.53918705416758,7269.236474042419,60.928735648002984,0.0,0.0
bigstuffedanimal_tan_dog_t5,0.0,30.896785933033765,0.0,0.0,0.0,76.13537438857061,7075.708213347761,84.60777340139094,0.0,0.0
tupperware_coffee_beans_t1,0.0,0.0,0.0,0.0,0.0,70.34187514854361,4791.600053783969,92.24373123286898,0.0,0.0
tupperware_coffee_beans_t2,0.0,0.0,0.0,0.0,0.0,77.77703329535403,4943.042591709726,77.46867338547261,0.0,0.0
tupperware_coffee_beans_t3,0.0,79.75643184474,0.0,2.809684033837257,0.0,82.87343640296773,4679.24924216304,75.88696142026748,2.7784279188058845,17.011749999646533
tupperware_coffee_beans_t4,0.0,0.0,0.0,0.0,0.0,77.51916284459207,4700.689837230298,103.03688007774024,0.0,0.0
tupperware_coffee_beans_t5,0.0,0.0,0.0,0.0,0.0,84.74552589418741,4790.544692854931,107.78160348850949,0.0,0.0
tupperware_ground_coffee_t1,0.0,0.0,0.0,0.0,0.0,59.01991984036706,4680.43324351554,100.81909597390495,0.0,0.0
tupperware_ground_coffee_t2,0.0,0.0,0.0,0.0,0.0,64.44972919239132,4608.85012846316,110.01327869867404,0.0,0.0
tupperware_ground_coffee_t3,0.0,0.0,0.0,0.0,0.0,82.24674412726672,4849.803556110827,81.73706130131067,0.0,0.0
tupperware_ground_coffee_t4,0.0,0.0,0.0,0.0,0.0,89.41509434063938,4966.035626337199,104.73284699568326,0.0,0.0
tupperware_ground_coffee_t5,0.0,0.0,0.0,0.0,0.0,66.72654583377268,4929.108443931214,86.90809881796432,0.0,0.0
tupperware_marbles_t1,0.0,0.0,0.0,0.0,0.0,71.93833943682245,4870.825998843244,86.33471694401176,0.0,0.0
tupperware_marbles_t2,0.0,0.0,0.0,0.0,0.0,67.67183297650448,4894.7777828136805,113.50525938909351,0.0,0.0
tupperware_marbles_t3,0.0,0.0,0.0,0.0,0.0,61.05833222464688,4588.067312143638,107.96656970713539,0.0,0.0
tupperware_marbles_t4,0.0,19.221000977569236,0.0,3.0894746430420823,0.0,84.21334959928382,5023.706482235534,105.33037339239759,2.0112540532961023,0.0
tupperware_marbles_t5,0.0,0.0,0.0,0.0,0.0,99.24758407186482,4980.802649626181,96.72743837456714,0.0,0.0
tupperware_pasta_t1,0.0,0.0,0.0,0.0,0.0,77.36578594397051,4971.219440017951,96.77657174211286,0.0,0.0
tupperware_pasta_t2,0.0,0.0,0.0,0.0,0.0,75.8905109805014,5106.05262424972,79.7708427290401,0.0,0.0
tupperware_pasta_t3,0.0,0.0,0.0,0.0,0.0,74.46479592574414,5130.816533247381,83.05663966253645,0.0,0.0
tupperware_pasta_t4,2.344654012459834,9.945315769840075,4.7729765307644705,0.0,0.0,81.63453508650186,4800.411609399476,69.1081509554735,2.9610821873092275,0.0
tupperware_pasta_t5,0.0,0.0,0.0,0.0,0.0,77.17486370942335,4922.863059113023,96.42317982089813,0.0,0.0
tupperware_rice_t1,0.0,0.0,0.0,0.0,0.0,71.49007031920176,4816.079388813762,87.08732011059234,0.0,0.0
tupperware_rice_t2,0.0,0.0,0.0,0.0,0.0,57.92526343339958,4832.147789120233,80.13089808776773,0.0,0.0
tupperware_rice_t3,0.0,0.0,0.0,0.0,0.0,103.47560808426746,4941.850133866832,78.63744579612343,0.0,0.0
tupperware_rice_t4,0.0,0.0,0.0,0.0,0.0,86.68426361413253,4679.27590331008,98.9422676168382,0.0,0.0
tupperware_rice_t5,0.0,0.0,0.0,0.0,0.0,75.10191615459752,4625.529147448444,101.35009443460956,0.0,0.0
weight_1_t1,0.0,0.0,0.0,0.0,0.0,61.26766858794459,1723.6066077606786,38.22450275296429,0.0,0.0
weight_1_t2,0.0,0.0,0.0,0.0,0.0,46.96034364101427,1584.8692967328332,39.02438211117507,0.0,0.0
weight_1_t3,0.0,0.0,0.0,0.0,0.0,50.76612557329188,1650.5000787431006,29.77268088375665,0.0,0.0
weight_1_t4,0.0,0.0,0.0,0.0,0.0,51.292411189990204,1624.754173921793,48.76667544811724,0.0,0.0
weight_1_t5,0.0,4.474925291343632,0.0,0.0,0.0,52.52834472873948,1428.770311104681,47.445951315956066,0.0,0.0
weight_2_t1,0.0,0.0,0.0,0.0,0.0,53.11929851215319,1567.0414986517126,37.84082188433459,0.0,0.0
weight_2_t2,0.0,0.0,0.0,0.0,2.030024279439103,55.33628552554744,1701.6110392925111,55.89863112101938,0.0,0.0
weight_2_t3,0.0,0.0,0.0,0.0,0.0,74.3297749611723,1538.8864567437483,59.70036721168564,0.0,0.0
weight_2_t4,0.0,0.0,0.0,0.0,0.0,55.6786033664161,1574.8869309840084,45.887634607459,0.0,0.0
weight_2_t5,0.0,0.0,0.0,0.0,0.0,61.50284302879046,1540.1316659389392,44.63929441072869,0.0,0.0
weight_3_t1,0.0,0.0,0.0,0.0,0.0,39.105622703098874,1658.7767307607112,30.612006484806383,0.0,0.0
weight_3_t2,0.0,0.0,0.0,0.0,0.0,53.16913766249722,1566.5590783954601,48.245880110140625,0.0,0.0
weight_3_t3,0.0,0.0,0.0,0.0,0.0,61.012975475602815,1629.744643268425,50.57545325538237,0.0,0.0
weight_3_t4,0.0,0.0,0.0,0.0,0.0,52.00908479390609,1510.7142327999773,51.771086820882445,0.0,0.0
weight_3_t5,0.0,0.0,0.0,0.0,0.0,39.84906037085829,1380.6343029797365,32.528339384535435,0.0,0.0
weight_4_t1,0.0,0.0,0.0,0.0,0.0,56.964028330717575,1720.3189550396182,49.52166176296061,0.0,0.0
weight_4_t2,0.0,0.0,0.0,0.0,0.0,62.281565992950675,1625.2707192619937,54.4720220372119,0.0,0.0
weight_4_t3,0.0,0.0,0.0,0.0,0.0,53.319944360219694,1717.8332396466321,56.57411497330823,0.0,0.0
weight_4_t4,0.0,0.0,0.0,0.0,0.0,73.18321560714713,1688.7381383787006,47.59818442283541,0.0,0.0
weight_4_t5,0.0,0.0,0.0,0.0,0.0,55.8839643460334,1708.1721589693611,57.55349867040169,0.0,0.0
weight_5_t1,0.0,0.0,0.0,0.0,0.0,52.9429125476025,1558.3083181638838,54.29590084745467,0.0,0.0
weight_5_t2,0.0,0.0,0.0,0.0,0.0,50.79020653143416,1396.8377837419737,56.29071857822737,0.0,0.0
weight_5_t3,0.0,2.0858470150037367,0.0,0.0,0.0,41.80832199682255,1505.4679588725735,34.90433445378772,0.0,0.0
weight_5_t4,0.0,4.084859188842805,0.0,0.0,0.0,47.57288191079971,1485.475735514175,46.12235745632961,0.0,0.0
weight_5_t5,0.0,0.0,0.0,0.0,0.0,47.69337681365383,1689.6629584762773,42.0574718568282,0.0,0.0
timber_pentagon_t1,0.0,0.0,0.0,0.0,0.0,70.41215306922695,2196.3270429452514,49.99411710122162,0.0,0.0
timber_pentagon_t2,0.0,0.0,0.0,0.0,2.279114430779675,59.3540702606215,2232.0175319199166,28.73408258221376,0.0,0.0
timber_pentagon_t3,0.0,0.0,0.0,0.0,0.0,70.56085939124951,2459.136106280631,42.98235780479532,0.0,0.0
timber_pentagon_t4,0.0,0.0,0.0,0.0,0.0,68.52825928057277,2359.0305527234063,31.623911779143217,0.0,0.0
timber_pentagon_t5,0.0,0.0,0.0,0.0,0.0,60.06319651040297,2270.348754727561,43.22529705238075,0.0,0.0
timber_rectangle_t1,0.0,0.0,0.0,0.0,0.0,53.924631246280164,2278.74461810092,48.35091958424395,0.0,0.0
timber_rectangle_t2,0.0,0.0,0.0,0.0,2.149700154883225,59.41219159834385,2312.226938085496,39.95288451929007,0.0,0.0
timber_rectangle_t3,0.0,0.0,0.0,0.0,8.622274319826683,58.04754256858721,2010.053154368902,32.54285361170484,0.0,0.0
timber_rectangle_t4,0.0,0.0,0.0,0.0,0.0,41.9526714765079,2157.5054849253647,59.58018292204391,0.0,0.0
timber_rectangle_t5,0.0,0.0,0.0,0.0,0.0,103.11997937361357,2290.3635620581713,41.35252655088947,0.0,0.0
timber_semicircle_t1,0.0,0.0,0.0,0.0,0.0,61.22554759492673,2495.2335403505454,49.57827921159032,0.0,0.0
timber_semicircle_t2,0.0,0.0,0.0,0.0,0.0,58.1277711944035,2266.4594812795162,67.34926299588336,0.0,0.0
timber_semicircle_t3,0.0,0.0,0.0,0.0,0.0,57.556227975343226,2393.0901241821707,60.64676990178893,0.0,0.0
timber_semicircle_t4,0.0,0.0,0.0,0.0,15.086124196230381,53.62077340288481,2359.0219177622616,23.251942265175295,0.0,0.0
timber_semicircle_t5,0.0,0.0,0.0,0.0,4.671254481044251,71.60814212551794,2110.8601245330347,40.92524852584747,0.0,0.0
timber_square_t1,0.0,0.0,0.0,0.0,0.0,51.803456996476164,2441.778217342099,25.620574761507946,0.0,0.0
timber_square_t2,0.0,0.0,0.0,0.0,0.0,71.85500122308723,2133.040231812945,38.37785617469421,0.0,0.0
timber_square_t3,0.0,0.0,0.0,0.0,0.0,63.611672816390154,2238.5197057754567,34.97066184949139,0.0,0.0
timber_square_t4,0.0,0.0,0.0,0.0,2.035602999727599,84.13387678942055,2499.8920639900966,32.202231439435046,0.0,0.0
timber_square_t5,0.0,0.0,0.0,0.0,2.3137801702238265,68.7205748193628,2246.670860283639,68.37602178266367,0.0,0.0
timber_squiggle_t1,0.0,0.0,0.0,0.0,0.0,69.13052124687813,2093.158396182267,53.385744238584024,0.0,0.0
timber_squiggle_t2,0.0,0.0,0.0,0.0,0.0,69.12199658005053,2335.6936593398054,30.314430415285308,0.0,0.0
timber_squiggle_t3,0.0,0.0,0.0,0.0,2.2333512782587515,79.94679026458053,2132.012419194276,45.56142235585658,0.0,0.0
timber_squiggle_t4,0.0,0.0,0.0,0.0,0.0,63.1747249704175,2201.9883052307905,66.39341536812427,0.0,0.0
timber_squiggle_t5,0.0,0.0,0.0,0.0,0.0,64.94269646179568,2438.634154771026,36.21587598844704,0.0,0.0
tin_pokemon_t1,0.0,6.395689624252823,0.0,0.0,0.0,69.90505825103325,1851.3439998799727,30.615640745912447,0.0,0.0
tin_pokemon_t2,0.0,0.0,0.0,0.0,0.0,82.01215879935214,1910.4778102805467,47.36057680865807,0.0,0.0
tin_pokemon_t3,0.0,2.092621919984592,0.0,0.0,0.0,70.37470448574804,1758.2946963732381,38.45526090545566,0.0,0.0
tin_pokemon_t4,0.0,0.0,0.0,0.0,0.0,68.35430728440905,1930.5843706671499,34.73221649280633,0.0,0.0
tin_pokemon_t5,0.0,0.0,0.0,0.0,0.0,67.20546621638019,1635.0477227841122,42.61119667097781,0.0,0.0
tin_poker_t1,0.0,10.353834823959339,0.0,0.0,0.0,74.76467214431953,2906.956244823241,49.68563935629484,0.0,0.0
tin_poker_t2,0.0,0.0,0.0,0.0,0.0,47.506904473978814,3038.909427107368,53.05202750721598,0.0,0.0
tin_poker_t3,0.0,0.0,0.0,0.0,0.0,68.89328579746518,3151.872545161357,48.244704308499884,0.0,0.0
tin_poker_t4,0.0,0.0,0.0,0.0,0.0,76.33069173873874,3041.9844194310267,27.33284838158832,0.0,0.0
tin_poker_t5,0.0,0.0,0.0,0.0,0.0,75.66198907602485,3001.091399815178,54.457022486419824,0.0,0.0
tin_snack_depot_t1,0.0,0.0,0.0,0.0,0.0,59.69345465057608,2312.1526827744156,29.29135864707573,0.0,0.0
tin_snack_depot_t2,0.0,0.0,0.0,0.0,0.0,57.42261867415917,2256.02931336083,27.561699979403784,0.0,0.0
tin_snack_depot_t3,0.0,18.6331201145773,0.0,0.0,0.0,64.18610038617632,2659.423631741952,46.78977013054349,0.0,0.0
tin_snack_depot_t4,0.0,0.0,0.0,0.0,0.0,59.11023712681886,2315.5148674507664,36.597397435205174,0.0,0.0
tin_snack_depot_t5,0.0,0.0,0.0,0.0,0.0,60.38096082169466,2304.2947764538344,39.672987229314295,0.0,0.0
tin_snowman_t1,0.0,0.0,0.0,0.0,0.0,80.43817673450931,7325.42898241791,94.50565566531567,0.0,0.0
tin_snowman_t2,0.0,0.0,0.0,0.0,0.0,86.36208492077756,7352.020442459573,82.2189724465871,0.0,0.0
tin_snowman_t3,0.0,0.0,0.0,0.0,0.0,84.20563693841402,7421.15146265354,89.31578869310242,0.0,0.0
tin_snowman_t4,0.0,0.0,0.0,0.0,4.320352501245466,94.00388442337898,7105.988216796237,93.86303801016096,0.0,0.0
tin_snowman_t5,0.0,0.0,0.0,0.0,0.0,102.07838300919738,7219.080609086548,83.04260297100255,0.0,0.0
tin_tea_t1,2.969038322420241,45.199541720943714,0.0,0.0,2.229163953144766,112.33209232802007,6435.515320908267,84.80441569105578,5.395360052417935,5.740084167089314
tin_tea_t2,0.0,0.0,0.0,0.0,0.0,64.76144285273384,6844.262399027613,51.047586221606934,0.0,0.0
tin_tea_t3,0.0,39.4325142250721,0.0,0.0,2.4225382912350426,95.30149479407987,6625.269477377574,90.42387279680958,13.562809727101033,4.654239325618546
tin_tea_t4,0.0,0.0,0.0,0.0,0.0,90.21697119120032,6836.0468609742575,78.04659979788708,0.0,0.0
tin_tea_t5,2.5193473984984682,31.020568791003583,9.681066466345937,0.0,0.0,101.6774004800597,6924.111277147878,94.34122728890273,0.0,8.702659850482705
pvc_1_t1,0.0,0.0,0.0,0.0,0.0,113.39659952243288,7001.475197314016,107.08960961430388,0.0,0.0
pvc_1_t2,0.0,0.0,0.0,0.0,0.0,128.33633363531675,7104.417577293181,111.45560679126523,0.0,0.0
pvc_1_t3,0.0,0.0,0.0,0.0,0.0,119.47539514175875,7136.974903443534,103.38637489103964,0.0,0.0
pvc_1_t4,0.0,0.0,0.0,0.0,0.0,125.4506557647136,7046.232741409331,108.27046658226519,0.0,0.0
pvc_1_t5,0.0,0.0,0.0,0.0,0.0,131.70553055206616,7158.428793795569,104.79282538290826,0.0,0.0
pvc_2_t1,0.0,0.0,0.0,0.0,0.0,126.66802311442046,7331.316184723921,79.94739048027327,0.0,0.0
pvc_2_t2,0.0,0.0,0.0,0.0,0.0,99.52323689270706,7084.155760105756,97.4136430130142,0.0,0.0
pvc_2_t3,0.0,0.0,0.0,0.0,0.0,91.63793230761101,7068.540215406219,104.91985785655986,0.0,0.0
pvc_2_t4,0.0,0.0,0.0,0.0,0.0,103.80256826174893,7185.352575992652,95.05439247204905,0.0,0.0
pvc_2_t5,0.0,0.0,0.0,0.0,0.0,103.69247094983817,7312.637859738464,85.57141590872358,0.0,0.0
pvc_3_t1,0.0,0.0,0.0,0.0,0.0,128.34241928292425,7235.285897406872,93.38881001255713,0.0,0.0
pvc_3_t2,0.0,0.0,0.0,0.0,0.0,82.91910436078277,7478.141972795365,69.20245431333123,0.0,0.0
pvc_3_t3,0.0,0.0,0.0,0.0,2.3568774686860583,115.92968513568442,7070.810670130913,74.49606373065329,0.0,0.0
pvc_3_t4,0.0,0.0,0.0,0.0,0.0,108.63095651847922,7279.815990350303,88.40376757750805,0.0,0.0
pvc_3_t5,0.0,0.0,0.0,0.0,0.0,106.57404358416055,7469.253920723891,80.40611813250155,0.0,0.0
pvc_4_t1,0.0,0.0,0.0,0.0,0.0,101.75170649947906,6957.337974379512,96.89520808203301,0.0,0.0
pvc_4_t2,3.061743310599372,31.65187116884286,7.52947635767537,0.0,0.0,121.14862119304574,7095.215135082709,102.38083126080384,0.0,8.743661905189624
pvc_4_t3,0.0,0.0,0.0,0.0,2.020707435669251,82.12932322460767,7276.229236007962,89.46729771118387,0.0,0.0
pvc_4_t4,0.0,0.0,0.0,0.0,0.0,88.44229160839829,7424.089123291913,98.76350972779967,0.0,0.0
pvc_4_t5,0.0,32.57118019645833,5.694722654441273,0.0,2.3779848657636578,100.04001164816668,7050.107962496657,96.1999137930053,0.0,3.2019896626941198
pvc_5_t1,4.642996655517194,37.631827683579786,3.11975044721529,0.0,2.1928006144930277,91.1483609677056,6321.10970307772,108.22027355202752,11.29528283602628,8.935945259335883
pvc_5_t2,0.0,0.0,0.0,0.0,0.0,86.75712311280849,6535.393492600718,81.05620613243188,0.0,0.0
pvc_5_t3,0.0,0.0,0.0,0.0,0.0,89.39090648850183,7018.189867551075,79.66624326502897,0.0,0.0
pvc_5_t4,0.0,0.0,0.0,0.0,0.0,93.39931016621921,6784.367410886874,118.87582955588535,0.0,0.0
pvc_5_t5,0.0,0.0,0.0,0.0,0.0,86.68234217879922,6976.1006291680105,68.15682303883449,0.0,0.0
smallstuffedanimal_bunny_t1,0.0,0.0,0.0,0.0,0.0,110.5211439063336,7869.33465886893,94.44389635230793,0.0,0.0
smallstuffedanimal_bunny_t2,0.0,0.0,0.0,0.0,0.0,96.26348367291902,6969.633509842011,79.76382102254266,0.0,0.0
smallstuffedanimal_bunny_t3,0.0,0.0,0.0,0.0,0.0,97.30712936251786,6796.363576177134,73.18353390480605,0.0,0.0
smallstuffedanimal_bunny_t4,0.0,0.0,0.0,0.0,0.0,86.55541826358571,6965.871013285559,84.78040579756038,0.0,0.0
smallstuffedanimal_bunny_t5,0.0,0.0,0.0,0.0,0.0,108.03205505007017,7519.458212653378,89.96065569702729,0.0,0.0
smallstuffedanimal_chick_t1,0.0,0.0,0.0,0.0,4.3766179454288885,113.18564131386655,5066.384723245957,89.55705206520554,0.0,0.0
smallstuffedanimal_chick_t2,0.0,0.0,0.0,0.0,0.0,103.77572552401374,5065.7976617447475,89.56744004706869,0.0,0.0
smallstuffedanimal_chick_t3,0.0,0.0,0.0,0.0,0.0,89.10574945104943,5291.91375143611,104.8255454309128,0.0,0.0
smallstuffedanimal_chick_t4,0.0,0.0,0.0,0.0,0.0,102.79925195879166,5450.872336665703,83.41713642098921,0.0,0.0
smallstuffedanimal_chick_t5,0.0,0.0,0.0,0.0,0.0,91.57114123638331,7422.5102517560745,99.09609625257706,0.0,0.0
smallstuffedanimal_headband_bear_t1,0.0,0.0,0.0,0.0,0.0,89.54922120356066,6575.418036333001,96.60049928211988,0.0,0.0
smallstuffedanimal_headband_bear_t2,0.0,0.0,0.0,0.0,2.0588302315929305,106.32755772510929,6412.92087247084,80.56937620702162,0.0,0.0
smallstuffedanimal_headband_bear_t3,0.0,0.0,0.0,0.0,4.492359619838555,88.4672483978168,6744.927872692704,91.16090408064936,0.0,0.0
smallstuffedanimal_headband_bear_t4,0.0,16.09038650053143,0.0,0.0,0.0,91.62107842450752,6924.830460583371,97.47440530460058,0.0,0.0
smallstuffedanimal_headband_bear_t5,0.0,2.1929205411961465,0.0,0.0,0.0,92.01335848588981,7042.926264713447,77.80849287131842,0.0,0.0
smallstuffedanimal_moose_t1,0.0,0.0,0.0,0.0,0.0,110.09842061162198,6322.917837443419,84.85212496137694,0.0,0.0
smallstuffedanimal_moose_t2,0.0,0.0,0.0,0.0,0.0,89.65742598190492,6925.700549275334,77.40081284705111,0.0,0.0
smallstuffedanimal_moose_t3,0.0,0.0,0.0,0.0,0.0,104.13417228569485,6724.382121095898,89.55225871318176,0.0,0.0
smallstuffedanimal_moose_t4,0.0,0.0,0.0,0.0,2.040279269148221,109.61050296455427,6869.175048443564,87.64332445689868,0.0,0.0
smallstuffedanimal_moose_t5,0.0,0.0,0.0,0.0,0.0,97.91133604874379,6587.258139394072,105.41558936559231,0.0,0.0
smallstuffedanimal_otter_t1,0.0,0.0,0.0,0.0,0.0,86.77835817212647,7014.671021467064,93.02089432797744,0.0,0.0
smallstuffedanimal_otter_t2,0.0,0.0,0.0,0.0,0.0,82.01719895233983,7324.309962881621,73.96978579002024,0.0,0.0
smallstuffedanimal_otter_t3,0.0,0.0,0.0,0.0,0.0,115.10102351436487,7030.897347647063,82.3363656907318,0.0,0.0
smallstuffedanimal_otter_t4,0.0,0.0,0.0,0.0,0.0,89.53325376231528,6687.320539792486,64.45973063309135,0.0,0.0
smallstuffedanimal_otter_t5,0.0,0.0,0.0,0.0,0.0,92.87432501349369,6715.717609065718,78.8742541909276,0.0,0.0
metal_mix_covered_cup_t1,0.0,0.0,0.0,0.0,4.330083313198502,88.35467300195684,7235.548864209334,82.20126686172067,0.0,0.0
metal_mix_covered_cup_t2,0.0,0.0,0.0,0.0,0.0,102.82553706889176,7087.087846288378,90.08672464336362,0.0,0.0
metal_mix_covered_cup_t3,0.0,0.0,0.0,0.0,0.0,107.51674916469071,7468.429404239776,88.12844667551266,0.0,0.0
metal_mix_covered_cup_t4,0.0,0.0,0.0,0.0,0.0,96.27047325600469,7641.186582701465,86.3980483207159,0.0,0.0
metal_mix_covered_cup_t5,0.0,0.0,0.0,0.0,0.0,92.91912085029446,7076.916036351009,77.80722965797501,0.0,0.0
metal_tea_jar_t1,0.0,0.0,0.0,0.0,2.1140210456589594,93.88431172843228,5312.918139036125,95.40603844800832,0.0,0.0
metal_tea_jar_t2,0.0,0.0,0.0,0.0,0.0,116.53366797831883,5714.892252431419,81.65131756688534,0.0,0.0
metal_tea_jar_t3,0.0,0.0,0.0,0.0,0.0,66.4893289355376,5721.770011978286,89.86622212791463,0.0,0.0
metal_tea_jar_t4,0.0,0.0,0.0,0.0,0.0,88.62427409082102,5730.821037100646,93.9015784477266,0.0,0.0
metal_tea_jar_t5,0.0,15.818014400925456,0.0,0.0,0.0,76.22945912720462,5752.32692237576,68.85737925378442,9.859785181409688,0.0
metal_thermos_t1,0.0,0.0,0.0,0.0,4.341241441679363,61.124016503559616,2071.4521290699668,44.825244247051344,0.0,0.0
metal_thermos_t2,0.0,2.0201560335776043,0.0,0.0,0.0,57.05136966265196,2453.06230277028,29.10728972597868,0.0,0.0
metal_thermos_t3,0.0,0.0,0.0,0.0,0.0,68.07284398650253,2198.986584631806,33.839005978267465,0.0,0.0
metal_thermos_t4,0.0,0.0,0.0,0.0,0.0,63.44259847799054,2088.0126084851245,38.82840949628794,0.0,0.0
metal_thermos_t5,0.0,0.0,0.0,0.0,0.0,54.74201468405616,1903.7679792185415,32.85542009983942,0.0,0.0
metal_flower_cylinder_t1,0.0,0.0,0.0,0.0,4.554700265238329,55.50570956511527,1596.4299994422072,50.396685082375896,0.0,0.0
metal_flower_cylinder_t2,0.0,0.0,0.0,0.0,0.0,69.94376411343576,1619.703413225505,64.49712905953933,0.0,0.0
metal_flower_cylinder_t3,0.0,0.0,0.0,0.0,8.11486822692555,54.54244504634067,1709.4372784712118,37.37802182750196,0.0,0.0
metal_flower_cylinder_t4,0.0,0.0,0.0,0.0,0.0,62.059947362362124,1589.9279125828225,54.44982499954604,0.0,0.0
metal_flower_cylinder_t5,0.0,0.0,0.0,0.0,0.0,80.79928996193473,1679.7856961535838,40.8485748310581,0.0,0.0
metal_food_can_t1,0.0,0.0,0.0,0.0,0.0,115.11328289753833,5825.255471169625,76.30173516244322,0.0,0.0
metal_food_can_t2,0.0,0.0,0.0,0.0,2.0076514165125876,98.16293572750244,6011.551872587828,79.94171449000511,0.0,0.0
metal_food_can_t3,0.0,0.0,0.0,0.0,0.0,81.29735839170979,5841.257455120945,89.77941761416484,0.0,0.0
metal_food_can_t4,0.0,0.0,0.0,0.0,0.0,112.86113771479138,5950.549578847318,73.3587877636896,0.0,0.0
metal_food_can_t5,0.0,0.0,0.0,0.0,0.0,90.86438560229337,6232.42379835602,72.78874412893893,0.0,0.0
noodle_1_t1,0.0,0.0,0.0,0.0,0.0,75.25682868431372,6314.238883073717,131.48501964228683,0.0,0.0
noodle_1_t2,0.0,28.023730446848298,0.0,0.0,2.3879216993863093,72.6206294536691,6520.102857250001,118.21540575509682,2.847297183295063,0.0
noodle_1_t3,0.0,0.0,0.0,0.0,0.0,82.27633327386035,6263.477101213699,127.37196310082396,0.0,0.0
noodle_1_t4,0.0,0.0,0.0,0.0,0.0,79.11429532720848,6201.778089577261,113.5441508354324,0.0,0.0
noodle_1_t5,0.0,0.0,0.0,0.0,0.0,100.57147353738226,6745.849543769863,107.59919259115263,0.0,0.0
noodle_2_t1,0.0,0.0,0.0,0.0,2.2940172686577576,73.52457118540788,5102.66185051748,134.6189751257961,0.0,0.0
noodle_2_t2,0.0,0.0,0.0,0.0,0.0,105.51861450745757,5066.481357846501,76.57788846907185,0.0,0.0
noodle_2_t3,0.0,0.0,0.0,0.0,0.0,88.47675123265978,5115.396112668226,113.49615463652039,0.0,0.0
noodle_2_t4,0.0,0.0,0.0,0.0,0.0,75.18396429878538,5051.535395202692,107.78618472003487,0.0,0.0
noodle_2_t5,0.0,0.0,0.0,0.0,0.0,75.8613586969267,5210.501958936281,121.3267487722133,0.0,0.0
noodle_3_t1,0.0,0.0,0.0,0.0,0.0,79.43531913960368,4511.026069259746,104.01346988730884,0.0,0.0
noodle_3_t2,0.0,0.0,0.0,0.0,0.0,79.0782280449587,4051.4733435601947,97.85706972497988,0.0,0.0
noodle_3_t3,0.0,0.0,0.0,0.0,0.0,69.79470529540899,4017.001915145668,92.248086240589,0.0,0.0
noodle_3_t4,0.0,0.0,0.0,0.0,0.0,86.92943486276144,4424.094180859444,93.00596011878976,0.0,0.0
noodle_3_t5,0.0,0.0,0.0,0.0,0.0,87.58770664303118,4613.656257300957,99.51053360819567,0.0,0.0
noodle_4_t1,0.0,0.0,0.0,0.0,0.0,68.6960392214849,3746.026687695653,67.27010346467569,0.0,0.0
noodle_4_t2,0.0,0.0,0.0,0.0,0.0,93.04932135491333,3265.1032123510254,99.02181435241488,0.0,0.0
noodle_4_t3,0.0,0.0,0.0,0.0,0.0,77.80075003051226,3148.351968613866,65.29003132899582,0.0,0.0
noodle_4_t4,0.0,0.0,0.0,0.0,0.0,72.29114009191846,3612.2636631959017,110.95826694514544,0.0,0.0
noodle_4_t5,0.0,0.0,0.0,0.0,2.0964248527586196,65.01170853808735,3218.6186416501014,69.98950508332881,0.0,0.0
noodle_5_t1,0.0,0.0,0.0,0.0,0.0,63.184395485511295,2198.38589721307,34.590496795848395,0.0,0.0
noodle_5_t2,0.0,0.0,0.0,0.0,0.0,69.90738234402262,2441.97701407283,56.445168321165134,0.0,0.0
noodle_5_t3,0.0,0.0,0.0,0.0,0.0,52.73337617012367,2672.346857527758,54.54864722342781,0.0,0.0
noodle_5_t4,0.0,0.0,0.0,0.0,0.0,64.727012512076,2299.8274045834332,46.38031680868008,0.0,0.0
noodle_5_t5,0.0,0.0,0.0,0.0,0.0,61.125496854273806,2346.9768550628555,30.782680157734145,2.102648060327738,0.0
pasta_cremette_t1,0.0,0.0,0.0,0.0,2.0084214579256017,92.48580563469808,5188.917205607922,87.26866782088005,0.0,0.0
pasta_cremette_t2,0.0,0.0,0.0,0.0,0.0,101.52792790265676,5186.262110112304,84.89231688876261,0.0,0.0
pasta_cremette_t3,0.0,0.0,0.0,0.0,0.0,76.85115349684368,4993.089527372622,76.15142173878806,0.0,0.0
pasta_cremette_t4,0.0,0.0,0.0,0.0,0.0,83.55576412948088,5092.841420310967,97.92955756885127,0.0,0.0
pasta_cremette_t5,0.0,0.0,0.0,0.0,0.0,95.27920456334267,5137.504639234627,77.08142314809731,0.0,0.0
pasta_macaroni_t1,0.0,0.0,0.0,0.0,0.0,60.038964490395884,3069.8819968847156,53.57741744341541,0.0,0.0
pasta_macaroni_t2,0.0,18.70341647335188,0.0,0.0,0.0,74.67338918161583,3397.1048413806134,39.817961210676934,0.0,0.0
pasta_macaroni_t3,0.0,0.0,0.0,0.0,2.0649286527345203,63.10999132328437,3431.2657406275152,49.880026114923986,0.0,0.0
pasta_macaroni_t4,0.0,0.0,0.0,0.0,0.0,71.13597725832335,3510.3678902445345,86.1347091822334,0.0,0.0
pasta_macaroni_t5,0.0,4.164940578384565,0.0,0.0,0.0,81.92360292035761,3015.331068927679,45.38036410668422,0.0,0.0
pasta_penne_t1,0.0,0.0,0.0,0.0,0.0,88.09727800481873,3353.300139772557,55.009685723261754,0.0,0.0
pasta_penne_t2,0.0,0.0,0.0,0.0,0.0,76.35529382274207,3300.741575401823,49.34936044250758,0.0,0.0
pasta_penne_t3,0.0,0.0,0.0,0.0,2.186745090796136,75.69068269857414,3265.4572225659936,64.33302613368686,0.0,0.0
pasta_penne_t4,0.0,0.0,0.0,0.0,0.0,75.32947652125782,3440.5785764529965,63.28728553665715,0.0,0.0
pasta_penne_t5,0.0,0.0,0.0,0.0,0.0,76.70111857810166,3368.3258571846413,57.14350538506941,0.0,0.0
pasta_rotini_t1,0.0,0.0,0.0,0.0,0.0,74.50930648116878,3437.584828635531,62.01299396934406,0.0,0.0
pasta_rotini_t2,0.0,0.0,0.0,0.0,0.0,77.07260688762828,3522.274700476007,68.6842102449337,0.0,0.0
pasta_rotini_t3,0.0,0.0,0.0,0.0,0.0,79.03024741009767,3091.666422313346,51.75082894911162,0.0,0.0
pasta_rotini_t4,0.0,0.0,0.0,0.0,0.0,81.52370717045861,3385.906998711432,66.18631240118636,0.0,0.0
pasta_rotini_t5,0.0,0.0,0.0,0.0,0.0,69.77138272733954,3580.219947599244,57.10364151360046,0.0,0.0
egg_rough_styrofoam_t1,0.0,0.0,0.0,0.0,0.0,95.19840432317277,7239.809035189645,85.11890567486081,0.0,0.0
egg_rough_styrofoam_t2,0.0,0.0,0.0,0.0,0.0,103.80101512008812,7011.278373125157,113.62596854793064,0.0,0.0
egg_rough_styrofoam_t3,0.0,0.0,0.0,0.0,0.0,127.89508947600844,7257.158029347447,83.61899082745398,0.0,0.0
egg_rough_styrofoam_t4,0.0,0.0,0.0,0.0,0.0,95.32861507553744,7265.683791243717,117.66068358906114,0.0,0.0
egg_rough_styrofoam_t5,0.0,0.0,0.0,0.0,0.0,110.65942412661336,7445.561962636106,114.56460135181489,0.0,0.0
egg_smooth_styrofoam_t1,0.0,0.0,0.0,0.0,0.0,83.1908025598053,7322.328461989881,100.44756403924036,0.0,0.0
egg_smooth_styrofoam_t2,0.0,0.0,0.0,0.0,0.0,101.76538421957221,7271.3426085472975,120.65178071289745,0.0,0.0
egg_smooth_styrofoam_t3,0.0,0.0,0.0,0.0,0.0,96.62503745485068,7489.894295535658,91.28921666597903,0.0,0.0
egg_smooth_styrofoam_t4,0.0,0.0,0.0,0.0,0.0,98.57121320579849,7296.143367844795,102.69675031353988,0.0,0.0
egg_smooth_styrofoam_t5,0.0,0.0,0.0,0.0,0.0,90.84852640165946,7408.532474684465,110.0720299747834,0.0,0.0
egg_wood_t1,0.0,0.0,0.0,0.0,0.0,111.66406800061391,7240.790402733644,111.65837843241047,0.0,0.0
egg_wood_t2,0.0,0.0,0.0,0.0,0.0,107.13413506839133,7278.987947508897,93.23295031946017,0.0,0.0
egg_wood_t3,0.0,0.0,0.0,0.0,0.0,92.37032035589064,7555.832608560589,86.39410297131664,0.0,0.0
egg_wood_t4,0.0,0.0,0.0,0.0,0.0,118.65903294952571,7152.150512544362,119.29481763871728,0.0,0.0
egg_wood_t5,0.0,0.0,0.0,0.0,0.0,90.14120114810082,7184.28142345361,91.69644803341028,0.0,0.0
medicine_ampicillin_t1,0.0,0.0,0.0,0.0,0.0,78.33550496799957,7204.858317295718,93.63954914917255,0.0,0.0
medicine_ampicillin_t2,0.0,0.0,0.0,0.0,0.0,72.80693871773069,7454.586872167618,106.47355851184442,0.0,0.0
medicine_ampicillin_t3,0.0,0.0,0.0,0.0,0.0,87.52404906845084,7569.3620943480355,85.44173124970125,0.0,0.0
medicine_ampicillin_t4,0.0,2.2202450788144987,0.0,0.0,0.0,68.68429640609814,7440.068850706019,101.62868791520977,0.0,0.0
medicine_ampicillin_t5,0.0,0.0,0.0,0.0,0.0,78.69935191179816,7252.932288127678,68.23667934934497,0.0,0.0
medicine_aspirin_t1,0.0,0.0,0.0,0.0,0.0,102.38799843202383,5982.113801342897,76.61587959635952,0.0,0.0
medicine_aspirin_t2,0.0,0.0,0.0,0.0,0.0,87.91317920777081,6308.610911978075,81.4195860356464,0.0,0.0
medicine_aspirin_t3,0.0,0.0,0.0,0.0,0.0,95.29611488186428,5872.870231487172,62.24298981771662,2.4244520168689663,0.0
medicine_aspirin_t4,0.0,0.0,0.0,0.0,2.141302238464818,70.52019132182784,6523.998800509672,64.84998474215698,0.0,0.0
medicine_aspirin_t5,0.0,0.0,0.0,0.0,0.0,89.87045862589702,6130.397847034773,85.23997588200214,0.0,0.0
medicine_bilberry_extract_t1,0.0,0.0,0.0,0.0,0.0,85.48769435259727,6330.922584499699,101.52625028131573,0.0,0.0
medicine_bilberry_extract_t2,0.0,0.0,0.0,0.0,0.0,97.58757751894272,6374.545464847039,69.15992180317522,0.0,0.0
medicine_bilberry_extract_t3,0.0,0.0,0.0,0.0,0.0,85.83545061783282,6793.381393205701,83.33675700218039,0.0,0.0
medicine_bilberry_extract_t4,0.0,0.0,0.0,0.0,0.0,84.68068304358029,6555.120884524262,98.65918986751022,0.0,0.0
medicine_bilberry_extract_t5,0.0,0.0,0.0,0.0,2.2499856577320667,82.1742874656905,6368.397067499686,97.10234520613726,0.0,0.0
medicine_calcium_t1,0.0,0.0,0.0,0.0,0.0,103.13834834285981,5893.490563157108,84.7206506629928,0.0,0.0
medicine_calcium_t2,0.0,0.0,0.0,0.0,0.0,74.47398221633378,5618.746815142236,95.94522598628356,0.0,0.0
medicine_calcium_t3,0.0,0.0,0.0,0.0,0.0,82.74771791290014,6247.941994491314,91.64761660623512,0.0,0.0
medicine_calcium_t4,0.0,0.0,0.0,0.0,0.0,86.55701593002081,5842.908223117296,95.31283754930729,0.0,0.0
medicine_calcium_t5,0.0,0.0,0.0,0.0,0.0,55.81693730398907,5621.212878010266,83.11985916272495,0.0,0.0
medicine_flaxseed_oil_t1,0.0,0.0,0.0,0.0,2.3324068040545587,99.53636760863857,5127.177419529548,83.3023120348185,0.0,0.0
medicine_flaxseed_oil_t2,0.0,0.0,0.0,0.0,0.0,78.60361963019389,5244.157366977685,109.29769544682327,0.0,0.0
medicine_flaxseed_oil_t3,0.0,0.0,0.0,0.0,0.0,67.70447461050978,5342.716945587147,92.97405301502664,0.0,0.0
medicine_flaxseed_oil_t4,0.0,0.0,0.0,0.0,0.0,89.43384675650583,5014.558444310646,94.87735776580975,0.0,0.0
medicine_flaxseed_oil_t5,0.0,0.0,0.0,0.0,0.0,76.90663268592779,5145.290242894935,95.92989299712622,0.0,0.0
pasta_pipette_t1,0.0,0.0,0.0,0.0,0.0,70.49658702317245,2908.755385035682,40.45140541629099,0.0,0.0
pasta_pipette_t2,0.0,9.000055777709695,0.0,5.107766501455854,0.0,81.98322593139564,3167.3327606538883,60.68970507600809,6.128850058843748,2.5546360132120585
pasta_pipette_t3,0.0,22.16455096585317,0.0,8.289791053239922,0.0,87.17434684407954,3130.085042291753,73.41058539680448,3.0051995108478238,0.0
pasta_pipette_t4,0.0,0.0,0.0,0.0,0.0,84.73994345863983,3276.3807841333955,67.09685184847125,0.0,0.0
pasta_pipette_t5,0.0,0.0,0.0,0.0,8.343864666108153,66.4033070433067,3399.2410879719905,74.08549451284468,0.0,0.0
cup_paper_green_t1,0.0,0.0,0.0,0.0,0.0,83.84435389648905,5148.869970163145,93.71694999010089,0.0,0.0
cup_paper_green_t2,0.0,0.0,0.0,0.0,0.0,120.199180116536,5293.000766650947,102.87959958339135,0.0,0.0
cup_paper_green_t3,0.0,0.0,0.0,0.0,0.0,102.4006408215505,5178.469514075222,99.24826243793271,0.0,0.0
cup_paper_green_t4,0.0,0.0,0.0,0.0,0.0,89.90708369725937,5158.668800296054,101.57345487927726,0.0,0.0
cup_paper_green_t5,0.0,0.0,0.0,0.0,0.0,104.5319556787589,5046.534263576324,91.34613947254684,0.0,0.0
cup_yellow_t1,0.0,0.0,0.0,0.0,0.0,88.01203656687441,6101.644611033308,87.9832716373916,0.0,0.0
cup_yellow_t2,0.0,0.0,0.0,0.0,2.0630739807626868,102.51390442196394,6655.72188485375,96.41751373295142,0.0,0.0
cup_yellow_t3,0.0,0.0,0.0,0.0,0.0,98.79801668333441,6273.334472714035,112.39083199141639,0.0,0.0
cup_yellow_t4,0.0,0.0,0.0,0.0,0.0,85.67308522160796,6694.529505089806,115.86409300819426,0.0,0.0
cup_yellow_t5,0.0,0.0,0.0,0.0,2.0533516361899635,84.80211550741815,6645.629015985979,124.94378643066219,0.0,0.0
cup_blue_t1,0.0,0.0,0.0,0.0,0.0,100.06359120549183,5701.636476107384,94.06163395133362,0.0,0.0
cup_blue_t2,4.9990768083057855,20.40835059492474,0.0,0.0,0.0,112.56964649931633,7238.061340839045,121.76121244937849,0.0,0.0
cup_blue_t3,0.0,0.0,0.0,0.0,0.0,129.09729884437607,7194.339472957332,106.75313483583916,0.0,0.0
cup_blue_t4,0.0,0.0,0.0,0.0,0.0,101.35211518378547,6846.764410780649,75.91452901548502,0.0,0.0
cup_blue_t5,0.0,0.0,0.0,0.0,0.0,101.52445752212812,7010.75804250748,96.87450594570312,0.0,0.0
cup_isu_t1,0.0,0.0,0.0,0.0,0.0,97.84957161718366,6322.538468340065,117.33034189013833,0.0,0.0
cup_isu_t2,0.0,0.0,0.0,2.4686640861000106,0.0,96.2736956210687,6221.6599994655435,127.88452708679102,0.0,0.0
cup_isu_t3,0.0,0.0,0.0,0.0,0.0,116.21525979714932,6061.83765652159,83.39503116199687,0.0,0.0
cup_isu_t4,0.0,0.0,0.0,0.0,0.0,93.0472395162274,6092.26880703621,79.3568394119931,0.0,0.0
cup_isu_t5,0.0,22.00649517629842,2.2949582590757505,0.0,17.377517227738608,193.85698099821815,9437.310700530776,183.65986047680295,0.0,0.0
cup_metal_t1,0.0,0.0,0.0,0.0,0.0,189.37816551887806,10007.656399750578,182.07930793442748,0.0,0.0
cup_metal_t2,4.3600750534778445,23.589793402667347,0.0,0.0,0.0,102.37263372079292,5622.200842708124,83.97005308077316,8.071989817355806,0.0
cup_metal_t3,0.0,0.0,0.0,0.0,0.0,94.55138170977638,5686.683885628561,87.14889017064422,0.0,0.0
cup_metal_t4,0.0,11.142149189404464,0.0,0.0,0.0,115.10322829882666,6288.290870450571,93.26354810166343,0.0,0.0
cup_metal_t5,0.0,41.58041833962339,0.0,0.0,0.0,174.90471711480728,9389.318530752895,193.09740147427914,0.0,0.0
eggcoloringcup_blue_t1,0.0,0.0,0.0,0.0,0.0,113.896464753578,7392.137889505839,91.33098985657847,0.0,0.0
eggcoloringcup_blue_t2,0.0,0.0,0.0,0.0,0.0,103.38298117798332,7419.493348124244,106.88157405290362,0.0,0.0
eggcoloringcup_blue_t3,0.0,0.0,0.0,0.0,0.0,103.5091998933391,7138.902287069962,96.28324228159484,0.0,0.0
eggcoloringcup_blue_t4,0.0,0.0,0.0,0.0,0.0,94.44755100256245,7026.176609844593,147.1777946260161,0.0,0.0
eggcoloringcup_blue_t5,0.0,0.0,0.0,0.0,0.0,103.73635252766742,7322.31033122059,91.92717612346239,0.0,0.0
eggcoloringcup_green_t1,0.0,0.0,0.0,0.0,0.0,62.87808941029895,7393.760041058944,84.08509262859809,0.0,0.0
eggcoloringcup_green_t2,0.0,0.0,0.0,0.0,0.0,52.035065460124734,7253.862279959543,101.25817675316034,0.0,0.0
eggcoloringcup_green_t3,0.0,0.0,0.0,0.0,0.0,69.13381901614083,7278.116820418021,94.68922493081072,0.0,0.0
eggcoloringcup_green_t4,0.0,0.0,0.0,0.0,0.0,73.50510171728767,7386.633981366218,84.01072501261633,0.0,0.0
eggcoloringcup_green_t5,0.0,0.0,0.0,0.0,0.0,62.16403650228586,7233.6903841279345,79.05359158507919,0.0,0.0
eggcoloringcup_orange_t1,0.0,0.0,0.0,0.0,0.0,86.31806290525927,7300.8783970498,95.59334033249388,0.0,0.0
eggcoloringcup_orange_t2,0.0,0.0,0.0,0.0,0.0,111.40315767557821,7214.733440681084,124.04979728237423,0.0,0.0
eggcoloringcup_orange_t3,0.0,0.0,0.0,0.0,0.0,67.76619946055548,7047.394365520876,94.31698149642757,0.0,0.0
eggcoloringcup_orange_t4,0.0,0.0,0.0,0.0,2.067200525440435,86.4212180358876,7327.29569002113,123.6059774872099,0.0,0.0
eggcoloringcup_orange_t5,0.0,0.0,0.0,0.0,0.0,62.64036335276922,7326.943123455356,125.53815097551762,0.0,0.0
eggcoloringcup_pink_t1,0.0,0.0,0.0,0.0,0.0,103.79782577948141,7268.090862018176,91.66877912025228,0.0,0.0
eggcoloringcup_pink_t2,0.0,0.0,0.0,0.0,0.0,135.9256501338857,7221.422620687479,99.82329655235972,0.0,0.0
eggcoloringcup_pink_t3,0.0,0.0,0.0,0.0,0.0,114.60863369588623,7116.3563039196015,103.68344460232584,0.0,0.0
eggcoloringcup_pink_t4,0.0,0.0,0.0,0.0,0.0,87.16249063268239,7278.178610745777,98.42263549778173,0.0,0.0
eggcoloringcup_pink_t5,0.0,0.0,0.0,0.0,0.0,109.06750268518951,7138.872123036504,104.49573322476441,0.0,0.0
eggcoloringcup_yellow_t1,0.0,0.0,0.0,0.0,0.0,108.44641215915136,7040.685292043136,126.05202069153687,0.0,0.0
eggcoloringcup_yellow_t2,0.0,0.0,0.0,0.0,0.0,89.51336833867967,7061.810114877269,101.94171111522382,0.0,0.0
eggcoloringcup_yellow_t3,0.0,0.0,0.0,0.0,0.0,109.54468696869199,7056.501239495215,103.0184621287076,0.0,0.0
eggcoloringcup_yellow_t4,0.0,0.0,0.0,0.0,0.0,75.87005852640564,7271.407923341112,129.0111516404176,0.0,0.0
eggcoloringcup_yellow_t5,0.0,0.0,0.0,0.0,0.0,82.40514043973798,7137.930410999624,105.66721566813133,0.0,0.0
egg_cardboard_t1,0.0,0.0,0.0,0.0,0.0,101.04188040777164,7082.1339398743285,98.24355084057588,0.0,0.0
egg_cardboard_t2,0.0,0.0,0.0,0.0,0.0,105.41302650608976,7351.812822375756,82.82590877750752,0.0,0.0
egg_cardboard_t3,0.0,0.0,0.0,0.0,0.0,103.20411422511192,7506.945841773507,88.63774469754978,0.0,0.0
egg_cardboard_t4,0.0,0.0,0.0,0.0,0.0,109.99163427080363,7064.9300045167165,114.80550646208376,0.0,0.0
egg_cardboard_t5,0.0,0.0,0.0,0.0,0.0,108.84363224678685,7292.282830332594,90.37045845556699,0.0,0.0
egg_plastic_wrap_t1,0.0,0.0,0.0,0.0,0.0,98.15758382554581,7338.510639816573,94.65121995038565,0.0,0.0
egg_plastic_wrap_t2,0.0,0.0,0.0,0.0,0.0,104.88502020013941,7253.506414123614,75.74312805895708,0.0,0.0
egg_plastic_wrap_t3,0.0,0.0,0.0,0.0,0.0,93.06652773531194,7205.583714034025,81.67690318958502,0.0,0.0
egg_plastic_wrap_t4,0.0,0.0,0.0,0.0,0.0,108.64261000901321,7056.882975613668,101.299015422212,0.0,0.0
egg_plastic_wrap_t5,0.0,0.0,0.0,0.0,0.0,84.128068615748,7162.820351680294,116.97021936140797,0.0,0.0
can_arizona_t1,0.0,0.0,0.0,0.0,0.0,43.27304530246159,2751.780765008495,39.408814390131226,0.0,0.0
can_arizona_t2,0.0,0.0,0.0,0.0,0.0,48.97142577887035,2693.9615792662603,30.773575167271012,0.0,0.0
can_arizona_t3,0.0,0.0,0.0,0.0,0.0,45.45957593125057,2839.100916164971,49.43424397408402,0.0,0.0
can_arizona_t4,0.0,0.0,0.0,0.0,0.0,55.978854798240626,2588.3059691744343,41.301117617423955,0.0,0.0
can_arizona_t5,0.0,0.0,0.0,0.0,0.0,55.579054512412874,2810.2185882792373,45.929701293044445,0.0,0.0
can_coke_t1,0.0,0.0,0.0,0.0,0.0,70.93448528260288,5296.035617902481,81.04625019912133,0.0,0.0
can_coke_t2,0.0,0.0,0.0,0.0,0.0,92.54950800345975,5275.35951094254,86.3812959171223,0.0,0.0
can_coke_t3,0.0,0.0,0.0,0.0,0.0,101.38830586170212,5036.842851324266,74.14120714996605,0.0,0.0
can_coke_t4,0.0,0.0,0.0,0.0,0.0,108.31305932734757,5246.004848139264,100.8431632615614,0.0,0.0
can_coke_t5,0.0,0.0,0.0,0.0,0.0,87.21086461511317,5506.377389544558,84.94378224521692,0.0,0.0
can_red_bull_large_t1,0.0,0.0,0.0,0.0,0.0,102.63317154755156,4525.544260072524,99.5353496725054,0.0,0.0
can_red_bull_large_t2,0.0,0.0,0.0,0.0,0.0,88.01873141592971,4249.160999605713,89.13404515559066,0.0,0.0
can_red_bull_large_t3,0.0,0.0,0.0,0.0,0.0,75.73645045949242,4549.377164670441,93.45142156707492,0.0,0.0
can_red_bull_large_t4,0.0,0.0,0.0,0.0,0.0,73.8089152861445,4505.98711266037,85.41827094491751,0.0,0.0
can_red_bull_large_t5,0.0,0.0,0.0,0.0,0.0,65.89070641651743,4048.0738595712014,75.18730931982569,0.0,0.0
can_red_bull_small_t1,0.0,0.0,0.0,0.0,0.0,99.228481271709,4916.345909948947,90.85945949683298,0.0,0.0
can_red_bull_small_t2,0.0,0.0,0.0,0.0,0.0,98.45986193665364,4970.6412742574275,93.39489225058583,0.0,0.0
can_red_bull_small_t3,0.0,0.0,0.0,0.0,0.0,76.92880495404094,4852.44584244873,69.7810357782875,0.0,0.0
can_red_bull_small_t4,0.0,0.0,0.0,0.0,0.0,73.98607330124418,5125.093241969773,81.05805762011185,0.0,0.0
can_red_bull_small_t5,0.0,0.0,0.0,0.0,0.0,84.77817019413743,5211.8176408201825,93.26125933590883,0.0,0.0
can_starbucks_t1,0.0,0.0,0.0,0.0,0.0,86.10491266613522,3899.953265412644,93.87217955702263,0.0,0.0
can_starbucks_t2,0.0,0.0,0.0,0.0,0.0,77.08637770627587,4456.284362157987,101.83498894532528,0.0,0.0
can_starbucks_t3,0.0,0.0,0.0,0.0,0.0,102.30507177006433,4353.830254938819,86.08701983333611,0.0,0.0
can_starbucks_t4,0.0,0.0,0.0,0.0,0.0,97.6988372690475,4383.19701564772,95.52850497716862,0.0,0.0
can_starbucks_t5,0.0,0.0,0.0,0.0,0.0,83.54254853808675,4356.530518222919,98.73420764352468,0.0,0.0
cone_1_t1,0.0,0.0,0.0,0.0,0.0,77.07356665857961,5139.6171171136475,97.77583841313917,0.0,0.0
cone_1_t2,0.0,0.0,0.0,0.0,0.0,71.8740541580193,5551.095873584452,78.20620976112444,0.0,0.0
cone_1_t3,0.0,0.0,0.0,0.0,0.0,68.84398999162659,5367.342322474119,87.08309936779916,0.0,0.0
cone_1_t4,0.0,0.0,0.0,0.0,0.0,92.6647160887883,5228.08760353448,91.27351179738214,0.0,0.0
cone_1_t5,0.0,0.0,0.0,0.0,0.0,87.24353376424853,5528.611181892533,92.32694922123001,0.0,0.0
cone_2_t1,0.0,0.0,0.0,0.0,0.0,89.92783940796456,4370.324531697964,103.98598562080389,0.0,0.0
cone_2_t2,0.0,0.0,0.0,0.0,2.1984574400392654,72.31733728259879,4826.015157631986,76.55671190573929,0.0,0.0
cone_2_t3,0.0,0.0,0.0,0.0,0.0,85.51771063516654,4825.927709683703,81.66505164881589,0.0,0.0
cone_2_t4,0.0,0.0,0.0,0.0,0.0,91.18343478178781,4774.710243372501,80.47791949667042,0.0,0.0
cone_2_t5,0.0,0.0,0.0,0.0,0.0,80.90414371952338,4282.427929957414,93.67039082945819,0.0,0.0
cone_3_t1,0.0,0.0,0.0,0.0,2.332954183004887,35.13644609218967,1637.749903736409,50.16988572111839,0.0,0.0
cone_3_t2,0.0,0.0,0.0,0.0,0.0,39.24938773642278,1582.5026482089265,53.05748243236015,0.0,0.0
cone_3_t3,0.0,0.0,0.0,0.0,0.0,39.2814320929819,1666.284186588826,48.13573338989079,0.0,0.0
cone_3_t4,0.0,2.124498267827018,0.0,0.0,0.0,51.43532876447448,1569.0097191165503,51.00286819694614,0.0,0.0
cone_3_t5,0.0,0.0,0.0,0.0,0.0,39.98128852715154,1774.7698128852296,44.76485166149796,0.0,0.0
cone_4_t1,0.0,0.0,0.0,0.0,0.0,8.25792763965574,414.7903009315048,0.0,0.0,0.0
cone_4_t2,0.0,0.0,0.0,0.0,0.0,6.801496404377412,457.27544707209455,0.0,0.0,0.0
cone_4_t3,0.0,2.0470158792740225,0.0,0.0,0.0,4.24359167505054,445.7505680761114,0.0,0.0,0.0
cone_4_t4,0.0,0.0,0.0,0.0,0.0,9.798928655629132,450.526189395942,2.618924974106742,0.0,0.0
cone_4_t5,0.0,0.0,0.0,0.0,0.0,4.698824010261516,448.07505001382674,0.0,0.0,0.0
cone_5_t1,46.73323682533801,603.172830897483,21.843745269943003,0.0,16.90097132715831,106.80631937554543,874.3823569710855,58.28940691645329,0.0,0.0
cone_5_t2,0.0,0.0,0.0,0.0,0.0,0.0,47.784725274021355,0.0,0.0,0.0
cone_5_t3,6.844171118705787,82.31967865301375,0.0,0.0,0.0,2.0100190571235883,26.273077358461972,0.0,0.0,0.0
cone_5_t4,0.0,0.0,0.0,0.0,0.0,0.0,47.13423794788938,0.0,0.0,0.0
cone_5_t5,0.0,84.95741418023218,0.0,0.0,0.0,0.0,8.7150466128223,0.0,0.0,0.0
bottle_fuse_t1,0.0,0.0,0.0,0.0,0.0,52.85389087604265,1912.7883092651357,61.14557618405183,0.0,0.0
bottle_fuse_t2,0.0,0.0,0.0,0.0,0.0,32.22985748187566,1978.9524988210117,62.068132499091384,0.0,0.0
bottle_fuse_t3,0.0,0.0,0.0,0.0,0.0,40.36623842414689,1967.5691045583583,54.58279701709956,0.0,0.0
bottle_fuse_t4,0.0,9.931664089848521,0.0,0.0,0.0,50.50207268618285,1600.5208635952415,62.67951243632946,0.0,0.0
bottle_fuse_t5,0.0,2.076585796445695,0.0,0.0,2.1484992636072744,42.2498882154563,1848.7621770806256,48.88118459073212,0.0,0.0
bottle_google_t1,0.0,0.0,0.0,0.0,0.0,59.60377448048514,3436.1325796870806,82.32073221100846,0.0,0.0
bottle_google_t2,0.0,0.0,0.0,0.0,0.0,71.47210742660039,3143.1349411060373,65.03707201521559,0.0,0.0
bottle_google_t3,0.0,0.0,0.0,0.0,0.0,70.54210330860298,2868.1985803908733,53.91587130070021,0.0,0.0
bottle_google_t4,0.0,0.0,0.0,0.0,0.0,54.10108182615179,3129.1149609295303,34.74403682475673,0.0,0.0
bottle_google_t5,0.0,0.0,0.0,0.0,0.0,75.0533035963315,3473.3695883173423,73.44300669081184,0.0,0.0
bottle_green_t1,2.1095110843273615,0.0,0.0,0.0,0.0,45.8092050441946,1532.4394310256216,53.929343680652316,0.0,0.0
bottle_green_t2,0.0,0.0,0.0,0.0,0.0,36.21548086611317,1652.4622381644242,51.017542572281194,0.0,0.0
bottle_green_t3,0.0,0.0,0.0,0.0,2.4082014583688984,21.46382590050256,1718.4322130268886,44.3597057586174,0.0,0.0
bottle_green_t4,0.0,0.0,0.0,0.0,0.0,52.91830882802556,1571.9828720397345,60.351339586072335,0.0,0.0
bottle_green_t5,0.0,8.597261228146532,0.0,0.0,2.0463017139219724,41.36814395480133,1493.1998262096388,43.31373460204874,0.0,0.0
bottle_red_t1,0.0,0.0,0.0,0.0,0.0,48.18456464501666,1894.9077274211902,54.436595259808236,0.0,0.0
bottle_red_t2,0.0,0.0,0.0,0.0,0.0,39.11552530082326,1911.7978247561623,51.08459909986926,0.0,0.0
bottle_red_t3,0.0,0.0,0.0,0.0,2.3416087131001224,34.12803590111007,1909.5043332609025,28.221953634804365,0.0,0.0
bottle_red_t4,0.0,0.0,0.0,0.0,0.0,49.31667210423684,1997.3924785768309,58.56315490838105,0.0,0.0
bottle_red_t5,0.0,0.0,0.0,0.0,0.0,23.316272933089,1725.7609858572596,43.158733331193794,0.0,0.0
bottle_sobe_t1,0.0,0.0,0.0,0.0,0.0,60.98970117035757,2195.6918275574267,38.280408119641216,0.0,0.0
bottle_sobe_t2,0.0,0.0,0.0,0.0,0.0,61.642477883609885,2925.3386678904358,47.92365703916302,0.0,0.0
bottle_sobe_t3,0.0,0.0,0.0,0.0,0.0,57.763380264636524,2752.277684214432,55.97494314426991,0.0,0.0
bottle_sobe_t4,0.0,0.0,0.0,0.0,0.0,38.3319419298755,2495.6804634748387,37.904405871888095,0.0,0.0
bottle_sobe_t5,0.0,0.0,0.0,0.0,0.0,53.1275479840862,2461.462375824146,59.28361960657453,0.0,0.0
cannedfood_chili_t1,0.0,0.0,0.0,0.0,0.0,107.52063653665343,4971.711297863225,92.25145501982527,0.0,0.0
cannedfood_chili_t2,0.0,0.0,0.0,0.0,0.0,84.29124894246037,4921.184966966993,98.26852629605722,0.0,0.0
cannedfood_chili_t3,0.0,0.0,0.0,0.0,0.0,63.593011705921995,5270.528719952632,93.21645739189138,0.0,0.0
cannedfood_chili_t4,0.0,0.0,0.0,0.0,0.0,63.39280670109373,5113.294658989933,89.3003836456427,0.0,0.0
cannedfood_chili_t5,0.0,0.0,0.0,0.0,0.0,78.22735896489262,4842.946541278789,111.5456939520275,0.0,0.0
cannedfood_cowboy_cookout_t1,0.0,0.0,0.0,0.0,0.0,93.45056122801235,6423.307268506345,79.24761189000996,0.0,0.0
cannedfood_cowboy_cookout_t2,0.0,0.0,0.0,0.0,0.0,76.63717658407658,6601.76185633781,89.36483496732387,0.0,0.0
cannedfood_cowboy_cookout_t3,0.0,0.0,0.0,0.0,0.0,77.04646429101993,6650.787995668605,87.71675481384786,0.0,0.0
cannedfood_cowboy_cookout_t4,0.0,0.0,0.0,0.0,0.0,86.27880748672109,6093.413362257477,88.44683320612067,0.0,0.0
cannedfood_cowboy_cookout_t5,0.0,0.0,0.0,0.0,0.0,95.14563563627641,6254.467196184924,118.72475134470552,0.0,0.0
cannedfood_soup_t1,0.0,0.0,0.0,0.0,0.0,71.29942435290909,6680.733827942908,108.84673511960825,0.0,0.0
cannedfood_soup_t2,0.0,0.0,0.0,0.0,2.077539937591814,81.16983427584047,6560.33884669234,89.62011141065585,0.0,0.0
cannedfood_soup_t3,0.0,0.0,0.0,0.0,0.0,84.06041808977814,6226.987241585207,95.95240579809209,0.0,0.0
cannedfood_soup_t4,0.0,0.0,0.0,0.0,0.0,102.744304362128,5869.777257987085,86.26572303899476,0.0,0.0
cannedfood_soup_t5,0.0,0.0,0.0,0.0,0.0,89.24541938873561,6149.766606322813,110.94237969918167,0.0,0.0
cannedfood_tomatoes_t1,0.0,0.0,0.0,0.0,0.0,45.33234382499185,6159.751041406669,106.93274048333065,0.0,0.0
cannedfood_tomatoes_t2,0.0,0.0,0.0,0.0,0.0,91.55108310995655,6152.415481448222,87.70472204861214,0.0,0.0
cannedfood_tomatoes_t3,0.0,0.0,0.0,0.0,0.0,99.4638367198054,6028.907504575419,95.47897916223684,0.0,0.0
cannedfood_tomatoes_t4,0.0,0.0,0.0,0.0,0.0,70.79719101026846,6201.798329279991,101.670797145753,0.0,0.0
cannedfood_tomatoes_t5,0.0,0.0,0.0,0.0,0.0,90.19791331960266,6067.058024786201,99.07946492826645,0.0,0.0
cannedfood_tomato_paste_t1,0.0,0.0,0.0,0.0,0.0,74.44245464343834,7103.859696361732,82.01859100155357,0.0,0.0
cannedfood_tomato_paste_t2,0.0,0.0,0.0,0.0,0.0,96.9795182054841,7357.285669855094,73.30712672441996,0.0,0.0
cannedfood_tomato_paste_t3,0.0,0.0,0.0,0.0,0.0,83.31076033292507,7403.323409246913,109.81596172251142,0.0,0.0
cannedfood_tomato_paste_t4,0.0,0.0,0.0,0.0,0.0,75.32235805111779,7127.522414213143,103.74345583748536,0.0,0.0
cannedfood_tomato_paste_t5,0.0,0.0,0.0,0.0,0.0,94.28238920254262,7171.083306232005,90.34430498120527,0.0,0.0
