ball_base_t1,10505.0,11881.0,11782.0,162.0,41.0,255.0
ball_base_t2,10272.0,12464.0,11759.0,162.0,38.0,255.0
ball_base_t3,7030.0,10374.0,12895.0,154.0,41.0,255.0
ball_base_t4,11493.0,12103.0,10117.0,166.0,48.0,255.0
ball_base_t5,9179.0,11803.0,11556.0,157.0,48.0,255.0
ball_basket_t1,10071.0,8930.0,12127.0,162.0,43.0,255.0
ball_basket_t2,10299.0,12578.0,12236.0,166.0,39.0,255.0
ball_basket_t3,10579.0,12765.0,12043.0,162.0,41.0,255.0
ball_basket_t4,11528.0,12237.0,10981.0,174.0,46.0,255.0
ball_basket_t5,10647.0,12642.0,11996.0,160.0,47.0,255.0
ball_blue_t1,11030.0,12343.0,11963.0,173.0,43.0,255.0
ball_blue_t2,11783.0,10923.0,10662.0,173.0,46.0,255.0
ball_blue_t3,10504.0,12305.0,12242.0,169.0,40.0,255.0
ball_blue_t4,10586.0,12247.0,12228.0,169.0,48.0,255.0
ball_blue_t5,11044.0,12803.0,12187.0,152.0,46.0,255.0
ball_transparent_t1,9364.0,11241.0,10734.0,172.0,46.0,255.0
ball_transparent_t2,9461.0,11463.0,10836.0,177.0,47.0,255.0
ball_transparent_t3,9642.0,8914.0,10768.0,174.0,44.0,255.0
ball_transparent_t4,8778.0,9060.0,11511.0,164.0,44.0,255.0
ball_transparent_t5,9082.0,11002.0,9671.0,159.0,45.0,255.0
ball_yellow_purple_t1,9670.0,8127.0,13594.0,169.0,44.0,255.0
ball_yellow_purple_t2,11074.0,13688.0,12678.0,167.0,44.0,255.0
ball_yellow_purple_t3,11067.0,13947.0,13248.0,167.0,47.0,255.0
ball_yellow_purple_t4,11970.0,12866.0,9382.0,176.0,48.0,255.0
ball_yellow_purple_t5,10839.0,14065.0,12909.0,170.0,41.0,255.0
basket_cylinder_t1,6898.0,8722.0,8583.0,176.0,47.0,255.0
basket_cylinder_t2,5339.0,8202.0,9660.0,172.0,48.0,252.0
basket_cylinder_t3,7519.0,8164.0,7697.0,179.0,46.0,255.0
basket_cylinder_t4,7458.0,8187.0,7944.0,169.0,41.0,255.0
basket_funnel_t1,9022.0,10745.0,10417.0,186.0,46.0,255.0
basket_funnel_t2,9023.0,11183.0,10901.0,176.0,41.0,255.0
basket_funnel_t3,10091.0,10182.0,9855.0,164.0,48.0,255.0
basket_funnel_t4,9550.0,10941.0,10382.0,173.0,42.0,255.0
basket_funnel_t5,8882.0,11262.0,11006.0,174.0,48.0,255.0
basket_green_t1,6703.0,7822.0,7001.0,173.0,38.0,255.0
basket_green_t2,6162.0,7470.0,6829.0,168.0,41.0,251.0
basket_green_t3,6032.0,7173.0,7232.0,174.0,43.0,249.0
basket_green_t4,6216.0,7722.0,7188.0,171.0,40.0,248.0
basket_green_t5,5983.0,7343.0,7317.0,170.0,41.0,255.0
basket_handle_t1,8539.0,10086.0,9332.0,167.0,43.0,255.0
basket_handle_t2,4741.0,9022.0,9538.0,172.0,42.0,255.0
basket_handle_t3,7500.0,12421.0,12237.0,176.0,41.0,255.0
basket_handle_t4,6376.0,8762.0,7727.0,178.0,47.0,255.0
basket_handle_t5,6263.0,10602.0,8359.0,170.0,47.0,255.0
basket_semicircle_t1,8715.0,10122.0,9510.0,182.0,47.0,255.0
basket_semicircle_t2,8736.0,10601.0,9695.0,174.0,44.0,255.0
basket_semicircle_t3,8207.0,9883.0,9398.0,170.0,47.0,255.0
basket_semicircle_t4,8510.0,10809.0,8372.0,165.0,45.0,255.0
basket_semicircle_t5,8609.0,11538.0,9529.0,177.0,44.0,255.0
bigstuffedanimal_bear_t1,16984.0,7705.0,14805.0,169.0,43.0,255.0
bigstuffedanimal_bear_t2,12926.0,15189.0,12680.0,172.0,47.0,255.0
bigstuffedanimal_bear_t3,12765.0,13906.0,12537.0,167.0,47.0,255.0
bigstuffedanimal_bear_t4,12407.0,16009.0,12767.0,169.0,42.0,255.0
bigstuffedanimal_bear_t5,11785.0,6765.0,14952.0,166.0,42.0,255.0
bigstuffedanimal_bunny_t1,11910.0,15538.0,13141.0,95.0,47.0,255.0
bigstuffedanimal_bunny_t2,11076.0,14249.0,14454.0,163.0,46.0,255.0
bigstuffedanimal_bunny_t3,14239.0,15224.0,11258.0,168.0,42.0,255.0
bigstuffedanimal_bunny_t4,13703.0,10003.0,16995.0,168.0,47.0,165.0
bigstuffedanimal_bunny_t5,12002.0,14987.0,13547.0,169.0,38.0,255.0
bigstuffedanimal_frog_t1,13899.0,8204.0,9495.0,166.0,45.0,255.0
bigstuffedanimal_frog_t2,13562.0,12062.0,9495.0,170.0,48.0,255.0
bigstuffedanimal_frog_t3,12304.0,13043.0,12905.0,173.0,47.0,255.0
bigstuffedanimal_frog_t4,10966.0,14426.0,14128.0,168.0,46.0,255.0
bigstuffedanimal_frog_t5,12548.0,8979.0,9352.0,162.0,43.0,255.0
bigstuffedanimal_pink_dog_t1,11111.0,9119.0,15094.0,171.0,45.0,255.0
bigstuffedanimal_pink_dog_t2,12165.0,8362.0,14167.0,172.0,48.0,255.0
bigstuffedanimal_pink_dog_t3,12226.0,14265.0,14267.0,171.0,46.0,255.0
bigstuffedanimal_pink_dog_t4,14905.0,12867.0,10312.0,168.0,41.0,255.0
bigstuffedanimal_pink_dog_t5,16988.0,8305.0,12752.0,166.0,46.0,255.0
bigstuffedanimal_tan_dog_t1,16992.0,15769.0,15127.0,166.0,44.0,255.0
bigstuffedanimal_tan_dog_t2,15140.0,11400.0,11817.0,170.0,46.0,255.0
bigstuffedanimal_tan_dog_t3,12647.0,14805.0,15302.0,170.0,47.0,255.0
bigstuffedanimal_tan_dog_t4,13402.0,14406.0,13984.0,167.0,47.0,255.0
bigstuffedanimal_tan_dog_t5,15004.0,11064.0,14090.0,166.0,43.0,255.0
bottle_fuse_t1,13536.0,14314.0,9878.0,182.0,48.0,255.0
bottle_fuse_t2,11720.0,12033.0,14221.0,151.0,48.0,255.0
bottle_fuse_t3,12982.0,8978.0,14339.0,169.0,42.0,255.0
bottle_fuse_t4,12474.0,14006.0,14402.0,158.0,42.0,255.0
bottle_fuse_t5,13476.0,13958.0,11061.0,177.0,38.0,255.0
bottle_google_t1,11073.0,12987.0,12894.0,161.0,45.0,255.0
bottle_google_t2,10774.0,12573.0,12651.0,159.0,37.0,255.0
bottle_google_t3,10470.0,12871.0,13031.0,161.0,47.0,255.0
bottle_google_t4,10872.0,12879.0,13086.0,158.0,39.0,255.0
bottle_google_t5,11394.0,12561.0,12885.0,159.0,44.0,255.0
bottle_green_t1,11802.0,12602.0,12820.0,165.0,44.0,255.0
bottle_green_t2,12242.0,12621.0,11402.0,173.0,44.0,255.0
bottle_green_t3,11281.0,12501.0,12760.0,164.0,48.0,255.0
bottle_green_t4,11758.0,12422.0,12821.0,174.0,45.0,255.0
bottle_green_t5,11927.0,12442.0,12659.0,177.0,39.0,255.0
bottle_red_t1,12409.0,9078.0,14743.0,166.0,42.0,255.0
bottle_red_t2,13194.0,14424.0,15024.0,166.0,46.0,255.0
bottle_red_t3,13919.0,14323.0,9545.0,176.0,43.0,255.0
bottle_red_t4,13778.0,9163.0,12930.0,177.0,45.0,255.0
bottle_red_t5,12819.0,14299.0,14919.0,158.0,43.0,255.0
bottle_sobe_t1,12397.0,13605.0,13867.0,161.0,40.0,255.0
bottle_sobe_t2,12032.0,13702.0,13969.0,162.0,47.0,255.0
bottle_sobe_t3,12234.0,13717.0,13646.0,164.0,44.0,255.0
bottle_sobe_t4,13544.0,10397.0,11207.0,175.0,42.0,255.0
bottle_sobe_t5,11782.0,13761.0,13926.0,162.0,44.0,255.0
cannedfood_chili_t1,10582.0,12559.0,12846.0,162.0,43.0,255.0
cannedfood_chili_t2,10881.0,12572.0,12811.0,166.0,48.0,255.0
cannedfood_chili_t3,9866.0,12582.0,12636.0,162.0,43.0,255.0
cannedfood_chili_t4,10799.0,12559.0,12943.0,163.0,42.0,255.0
cannedfood_chili_t5,11425.0,12542.0,13029.0,163.0,43.0,255.0
cannedfood_cowboy_cookout_t1,11486.0,13607.0,13840.0,162.0,44.0,255.0
cannedfood_cowboy_cookout_t2,11850.0,13795.0,13908.0,164.0,47.0,255.0
cannedfood_cowboy_cookout_t3,12326.0,9190.0,13970.0,165.0,45.0,255.0
cannedfood_cowboy_cookout_t4,12983.0,13201.0,11030.0,182.0,48.0,255.0
cannedfood_cowboy_cookout_t5,11707.0,13422.0,13713.0,159.0,48.0,255.0
cannedfood_soup_t1,13632.0,12379.0,10089.0,182.0,47.0,255.0
cannedfood_soup_t2,12212.0,14342.0,14641.0,161.0,47.0,255.0
cannedfood_soup_t3,12738.0,14334.0,14722.0,158.0,46.0,255.0
cannedfood_soup_t4,12598.0,12552.0,14748.0,159.0,40.0,255.0
cannedfood_soup_t5,12635.0,14123.0,14692.0,160.0,42.0,255.0
cannedfood_tomatoes_t1,10275.0,10300.0,13585.0,169.0,40.0,255.0
cannedfood_tomatoes_t2,12071.0,13320.0,13819.0,162.0,43.0,255.0
cannedfood_tomatoes_t3,11748.0,13446.0,13906.0,161.0,47.0,255.0
cannedfood_tomatoes_t4,11975.0,10158.0,13813.0,166.0,46.0,255.0
cannedfood_tomatoes_t5,11865.0,13347.0,13459.0,163.0,41.0,255.0
cannedfood_tomato_paste_t1,14164.0,15497.0,16013.0,160.0,47.0,255.0
cannedfood_tomato_paste_t2,14790.0,12297.0,10176.0,170.0,47.0,255.0
cannedfood_tomato_paste_t3,13747.0,15639.0,15899.0,161.0,43.0,255.0
cannedfood_tomato_paste_t4,13312.0,13647.0,15559.0,160.0,40.0,255.0
cannedfood_tomato_paste_t5,14515.0,15084.0,16039.0,160.0,43.0,255.0
can_arizona_t1,13262.0,13715.0,14360.0,167.0,47.0,255.0
can_arizona_t2,13441.0,10883.0,9942.0,175.0,43.0,255.0
can_arizona_t3,12977.0,13504.0,14230.0,163.0,43.0,255.0
can_arizona_t4,13280.0,13718.0,14411.0,164.0,48.0,255.0
can_arizona_t5,13649.0,13860.0,10877.0,170.0,43.0,255.0
can_coke_t1,14187.0,13927.0,15411.0,163.0,48.0,255.0
can_coke_t2,13014.0,14029.0,11895.0,167.0,37.0,255.0
can_coke_t3,13677.0,14105.0,15541.0,166.0,45.0,255.0
can_coke_t4,14142.0,14136.0,15591.0,172.0,44.0,255.0
can_coke_t5,13900.0,13994.0,15537.0,164.0,48.0,255.0
can_red_bull_large_t1,15271.0,15082.0,12552.0,170.0,44.0,255.0
can_red_bull_large_t2,14773.0,12376.0,16288.0,161.0,45.0,255.0
can_red_bull_large_t3,14910.0,15064.0,16279.0,165.0,43.0,255.0
can_red_bull_large_t4,14998.0,14943.0,16439.0,164.0,48.0,255.0
can_red_bull_large_t5,15066.0,14897.0,11463.0,166.0,46.0,255.0
can_red_bull_small_t1,15114.0,15426.0,16440.0,165.0,44.0,255.0
can_red_bull_small_t2,15243.0,15523.0,16977.0,169.0,42.0,255.0
can_red_bull_small_t3,15090.0,15384.0,13751.0,162.0,46.0,255.0
can_red_bull_small_t4,15253.0,15482.0,16250.0,165.0,41.0,255.0
can_red_bull_small_t5,14438.0,15663.0,16184.0,173.0,38.0,255.0
can_starbucks_t1,13590.0,12264.0,15168.0,164.0,47.0,255.0
can_starbucks_t2,13434.0,14015.0,15411.0,161.0,45.0,255.0
can_starbucks_t3,14134.0,14098.0,15608.0,166.0,45.0,255.0
can_starbucks_t4,14427.0,9166.0,11361.0,182.0,44.0,255.0
can_starbucks_t5,12823.0,11766.0,14829.0,173.0,44.0,255.0
cone_1_t1,14987.0,14666.0,15806.0,169.0,42.0,255.0
cone_1_t2,15513.0,13584.0,10942.0,170.0,43.0,255.0
cone_1_t3,14754.0,14723.0,15682.0,161.0,43.0,255.0
cone_1_t4,15469.0,14902.0,11902.0,168.0,38.0,255.0
cone_1_t5,15066.0,14918.0,16057.0,159.0,45.0,255.0
cone_2_t1,14585.0,12192.0,12481.0,180.0,44.0,255.0
cone_2_t2,14071.0,14063.0,14955.0,160.0,44.0,255.0
cone_2_t3,14522.0,10256.0,14419.0,176.0,42.0,255.0
cone_2_t4,14110.0,14207.0,15013.0,165.0,39.0,255.0
cone_2_t5,14275.0,10314.0,11660.0,163.0,42.0,255.0
cone_3_t1,11470.0,11849.0,12199.0,168.0,44.0,255.0
cone_3_t2,12335.0,9980.0,9923.0,179.0,42.0,255.0
cone_3_t3,11267.0,11681.0,12176.0,168.0,48.0,255.0
cone_3_t4,10855.0,10759.0,12273.0,172.0,48.0,255.0
cone_3_t5,11294.0,11820.0,12145.0,174.0,48.0,255.0
cone_4_t1,11252.0,11838.0,12223.0,172.0,47.0,255.0
cone_4_t2,8345.0,10178.0,12600.0,163.0,45.0,255.0
cone_4_t3,10760.0,11620.0,12170.0,163.0,48.0,255.0
cone_4_t4,11653.0,12038.0,12105.0,170.0,46.0,255.0
cone_4_t5,12048.0,8976.0,11188.0,174.0,47.0,255.0
cone_5_t1,10488.0,11374.0,11739.0,163.0,42.0,255.0
cone_5_t2,10670.0,11374.0,11741.0,167.0,48.0,255.0
cone_5_t3,10844.0,11532.0,11880.0,166.0,44.0,255.0
cone_5_t4,9796.0,10312.0,11783.0,148.0,40.0,255.0
cone_5_t5,10678.0,11463.0,11788.0,164.0,37.0,255.0
cup_blue_t1,15514.0,15283.0,10073.0,175.0,42.0,255.0
cup_blue_t2,12396.0,15525.0,15938.0,170.0,48.0,255.0
cup_blue_t3,11022.0,9019.0,15719.0,169.0,48.0,255.0
cup_blue_t4,13478.0,15545.0,16018.0,164.0,46.0,255.0
cup_blue_t5,14026.0,15282.0,9449.0,163.0,47.0,255.0
cup_isu_t1,13064.0,15046.0,13124.0,173.0,46.0,255.0
cup_isu_t2,12003.0,12217.0,15361.0,158.0,43.0,255.0
cup_isu_t3,14221.0,14806.0,12590.0,179.0,46.0,255.0
cup_isu_t4,13508.0,15104.0,15483.0,165.0,41.0,255.0
cup_isu_t5,13531.0,10950.0,10305.0,177.0,48.0,255.0
cup_metal_t1,12768.0,15303.0,14963.0,164.0,48.0,255.0
cup_metal_t2,13263.0,12303.0,14679.0,173.0,44.0,255.0
cup_metal_t3,13146.0,14642.0,14802.0,173.0,45.0,255.0
cup_metal_t4,12783.0,12363.0,10180.0,170.0,44.0,255.0
cup_metal_t5,12099.0,15084.0,14884.0,162.0,43.0,255.0
cup_paper_green_t1,12384.0,14804.0,15121.0,165.0,43.0,255.0
cup_paper_green_t2,14228.0,14644.0,12459.0,180.0,46.0,255.0
cup_paper_green_t3,12905.0,14442.0,15041.0,168.0,45.0,255.0
cup_paper_green_t4,12475.0,10803.0,15028.0,167.0,42.0,255.0
cup_paper_green_t5,13560.0,14484.0,15031.0,168.0,48.0,255.0
cup_yellow_t1,12409.0,15334.0,14953.0,157.0,45.0,255.0
cup_yellow_t2,12534.0,12454.0,14864.0,158.0,42.0,255.0
cup_yellow_t3,11596.0,15139.0,14454.0,160.0,46.0,255.0
cup_yellow_t4,11056.0,10368.0,14210.0,165.0,45.0,255.0
cup_yellow_t5,12397.0,15000.0,14690.0,161.0,47.0,255.0
eggcoloringcup_blue_t1,8903.0,10159.0,13742.0,157.0,41.0,255.0
eggcoloringcup_blue_t2,8146.0,10138.0,14679.0,160.0,42.0,255.0
eggcoloringcup_blue_t3,11364.0,13636.0,12336.0,171.0,42.0,255.0
eggcoloringcup_blue_t4,9587.0,10337.0,14774.0,164.0,47.0,255.0
eggcoloringcup_blue_t5,11970.0,10028.0,14492.0,166.0,43.0,255.0
eggcoloringcup_green_t1,12926.0,19809.0,14034.0,174.0,43.0,255.0
eggcoloringcup_green_t2,11533.0,14357.0,14211.0,168.0,43.0,255.0
eggcoloringcup_green_t3,8956.0,9210.0,14952.0,161.0,46.0,255.0
eggcoloringcup_green_t4,11272.0,15025.0,14822.0,167.0,43.0,255.0
eggcoloringcup_green_t5,13347.0,10043.0,11774.0,168.0,43.0,255.0
eggcoloringcup_orange_t1,10067.0,8050.0,12715.0,170.0,42.0,255.0
eggcoloringcup_orange_t2,11744.0,14459.0,13902.0,170.0,43.0,255.0
eggcoloringcup_orange_t3,13777.0,9042.0,9557.0,175.0,48.0,255.0
eggcoloringcup_orange_t4,12815.0,8219.0,11820.0,179.0,41.0,255.0
eggcoloringcup_orange_t5,11714.0,14983.0,14323.0,166.0,48.0,255.0
eggcoloringcup_pink_t1,11910.0,14707.0,14267.0,168.0,48.0,255.0
eggcoloringcup_pink_t2,13717.0,11445.0,10095.0,176.0,46.0,255.0
eggcoloringcup_pink_t3,11735.0,14879.0,14401.0,161.0,46.0,255.0
eggcoloringcup_pink_t4,13827.0,14356.0,10158.0,176.0,48.0,255.0
eggcoloringcup_pink_t5,12370.0,9306.0,14644.0,169.0,43.0,255.0
eggcoloringcup_yellow_t1,10947.0,14579.0,14383.0,161.0,46.0,255.0
eggcoloringcup_yellow_t2,12398.0,19869.0,14757.0,163.0,46.0,255.0
eggcoloringcup_yellow_t3,14185.0,14982.0,10776.0,186.0,48.0,255.0
eggcoloringcup_yellow_t4,12795.0,13582.0,14106.0,173.0,43.0,255.0
eggcoloringcup_yellow_t5,13026.0,8861.0,11620.0,182.0,43.0,255.0
egg_cardboard_t1,13594.0,17138.0,9489.0,181.0,47.0,255.0
egg_cardboard_t2,10308.0,14185.0,14042.0,157.0,45.0,255.0
egg_cardboard_t3,13167.0,10078.0,13750.0,177.0,42.0,255.0
egg_cardboard_t4,12194.0,11482.0,11058.0,167.0,52.0,255.0
egg_cardboard_t5,13854.0,13941.0,12284.0,169.0,48.0,255.0
egg_plastic_wrap_t1,18344.0,10371.0,14336.0,160.0,47.0,255.0
egg_plastic_wrap_t2,15006.0,14722.0,13884.0,165.0,43.0,255.0
egg_plastic_wrap_t3,18344.0,9102.0,14265.0,163.0,47.0,255.0
egg_plastic_wrap_t4,18185.0,13842.0,14458.0,161.0,46.0,255.0
egg_plastic_wrap_t5,18331.0,8949.0,14445.0,160.0,47.0,255.0
egg_rough_styrofoam_t1,15001.0,9026.0,14370.0,156.0,47.0,255.0
egg_rough_styrofoam_t2,13520.0,13963.0,9481.0,160.0,40.0,255.0
egg_rough_styrofoam_t3,13890.0,14462.0,9459.0,182.0,42.0,255.0
egg_rough_styrofoam_t4,18328.0,12142.0,14391.0,153.0,47.0,255.0
egg_rough_styrofoam_t5,13937.0,13924.0,13690.0,156.0,38.0,255.0
egg_smooth_styrofoam_t1,14114.0,9468.0,9536.0,182.0,41.0,255.0
egg_smooth_styrofoam_t2,12780.0,11925.0,12921.0,173.0,44.0,255.0
egg_smooth_styrofoam_t3,13458.0,10924.0,9450.0,177.0,42.0,255.0
egg_smooth_styrofoam_t4,11297.0,11387.0,12586.0,163.0,39.0,255.0
egg_smooth_styrofoam_t5,11881.0,12104.0,11949.0,161.0,44.0,255.0
egg_wood_t1,11265.0,11062.0,10979.0,168.0,39.0,247.0
egg_wood_t2,12781.0,14465.0,14117.0,178.0,45.0,255.0
egg_wood_t3,10364.0,12139.0,14036.0,147.0,44.0,255.0
egg_wood_t4,10786.0,11560.0,13747.0,160.0,44.0,255.0
egg_wood_t5,13583.0,13465.0,12017.0,173.0,43.0,255.0
medicine_ampicillin_t1,14154.0,15764.0,16422.0,162.0,44.0,255.0
medicine_ampicillin_t2,14392.0,15597.0,10822.0,188.0,43.0,255.0
medicine_ampicillin_t3,12444.0,16322.0,16103.0,159.0,48.0,255.0
medicine_ampicillin_t4,14313.0,11471.0,16152.0,166.0,47.0,255.0
medicine_ampicillin_t5,13782.0,16137.0,16370.0,160.0,47.0,255.0
medicine_aspirin_t1,14755.0,15749.0,16386.0,164.0,43.0,255.0
medicine_aspirin_t2,14996.0,15541.0,9943.0,167.0,41.0,255.0
medicine_aspirin_t3,14579.0,16021.0,16378.0,162.0,48.0,255.0
medicine_aspirin_t4,14737.0,11567.0,10558.0,166.0,43.0,255.0
medicine_aspirin_t5,14549.0,15740.0,16395.0,157.0,46.0,255.0
medicine_bilberry_extract_t1,14130.0,16046.0,16328.0,160.0,48.0,255.0
medicine_bilberry_extract_t2,14899.0,15560.0,16418.0,162.0,46.0,255.0
medicine_bilberry_extract_t3,14932.0,15161.0,11288.0,168.0,45.0,255.0
medicine_bilberry_extract_t4,14284.0,15862.0,16406.0,159.0,42.0,255.0
medicine_bilberry_extract_t5,15082.0,15544.0,10627.0,181.0,45.0,255.0
medicine_calcium_t1,0.0,14907.0,15457.0,163.0,41.0,255.0
medicine_calcium_t2,13543.0,15023.0,15450.0,164.0,45.0,255.0
medicine_calcium_t3,13951.0,14825.0,15478.0,162.0,42.0,255.0
medicine_calcium_t4,14183.0,14247.0,11319.0,172.0,44.0,255.0
medicine_calcium_t5,13389.0,15047.0,15416.0,163.0,41.0,255.0
medicine_flaxseed_oil_t1,13182.0,14281.0,14718.0,166.0,46.0,255.0
medicine_flaxseed_oil_t2,12108.0,11552.0,14504.0,170.0,51.0,255.0
medicine_flaxseed_oil_t3,13461.0,14035.0,14722.0,173.0,43.0,255.0
medicine_flaxseed_oil_t4,13395.0,14015.0,10074.0,178.0,47.0,255.0
medicine_flaxseed_oil_t5,12759.0,14383.0,14722.0,163.0,43.0,255.0
metal_flower_cylinder_t1,7743.0,9104.0,14107.0,163.0,49.0,255.0
metal_flower_cylinder_t2,10438.0,12699.0,12873.0,160.0,37.0,255.0
metal_flower_cylinder_t3,11998.0,9322.0,13317.0,178.0,41.0,255.0
metal_flower_cylinder_t4,9975.0,9023.0,13359.0,165.0,48.0,255.0
metal_flower_cylinder_t5,11930.0,12501.0,12998.0,170.0,48.0,255.0
metal_food_can_t1,9755.0,11579.0,10786.0,167.0,45.0,255.0
metal_food_can_t2,10080.0,9020.0,11070.0,166.0,44.0,255.0
metal_food_can_t3,9703.0,10726.0,11003.0,165.0,42.0,255.0
metal_food_can_t4,9235.0,11263.0,11458.0,156.0,41.0,255.0
metal_food_can_t5,9737.0,10470.0,10862.0,169.0,47.0,255.0
metal_mix_covered_cup_t1,11987.0,13320.0,13589.0,161.0,42.0,255.0
metal_mix_covered_cup_t2,12282.0,13333.0,13595.0,163.0,44.0,255.0
metal_mix_covered_cup_t3,12032.0,13517.0,13869.0,159.0,38.0,255.0
metal_mix_covered_cup_t4,13226.0,13256.0,13648.0,192.0,46.0,255.0
metal_mix_covered_cup_t5,12002.0,13490.0,13875.0,159.0,63.0,255.0
metal_tea_jar_t1,11153.0,12531.0,12837.0,162.0,46.0,255.0
metal_tea_jar_t2,10977.0,6782.0,12402.0,172.0,46.0,255.0
metal_tea_jar_t3,10432.0,12471.0,12638.0,159.0,47.0,255.0
metal_tea_jar_t4,11027.0,12066.0,12169.0,160.0,43.0,255.0
metal_tea_jar_t5,11337.0,12367.0,12635.0,164.0,44.0,255.0
metal_thermos_t1,12995.0,13477.0,12534.0,181.0,42.0,255.0
metal_thermos_t2,10561.0,11567.0,13728.0,176.0,49.0,255.0
metal_thermos_t3,11752.0,13573.0,13746.0,164.0,42.0,255.0
metal_thermos_t4,11751.0,13546.0,13802.0,158.0,41.0,255.0
metal_thermos_t5,12195.0,13498.0,13706.0,163.0,45.0,255.0
noodle_1_t1,12670.0,12295.0,9802.0,174.0,63.0,255.0
noodle_1_t2,11118.0,13924.0,13639.0,160.0,47.0,255.0
noodle_1_t3,11310.0,14044.0,13779.0,163.0,46.0,255.0
noodle_1_t4,11415.0,13705.0,13362.0,163.0,48.0,255.0
noodle_1_t5,11688.0,14105.0,13904.0,164.0,42.0,255.0
noodle_2_t1,11817.0,11623.0,13223.0,162.0,42.0,255.0
noodle_2_t2,12758.0,15404.0,9450.0,179.0,45.0,255.0
noodle_2_t3,11368.0,13621.0,13695.0,165.0,48.0,255.0
noodle_2_t4,12661.0,14265.0,11228.0,183.0,44.0,255.0
noodle_2_t5,10573.0,10431.0,12277.0,165.0,46.0,242.0
noodle_3_t1,12026.0,13322.0,13116.0,171.0,48.0,255.0
noodle_3_t2,11895.0,14185.0,11688.0,170.0,47.0,255.0
noodle_3_t3,9677.0,9662.0,13067.0,157.0,48.0,255.0
noodle_3_t4,11531.0,9004.0,13004.0,178.0,47.0,255.0
noodle_3_t5,11690.0,13940.0,13624.0,167.0,44.0,255.0
noodle_4_t1,11317.0,13405.0,13020.0,163.0,48.0,255.0
noodle_4_t2,11302.0,13601.0,13702.0,168.0,39.0,255.0
noodle_4_t3,12512.0,10380.0,9964.0,184.0,43.0,255.0
noodle_4_t4,0.0,13204.0,13202.0,184.0,43.0,255.0
noodle_4_t5,11301.0,13606.0,13681.0,168.0,43.0,255.0
noodle_5_t1,11635.0,13646.0,13540.0,167.0,42.0,255.0
noodle_5_t2,12263.0,15065.0,9607.0,172.0,48.0,255.0
noodle_5_t3,11588.0,9121.0,13082.0,172.0,47.0,255.0
noodle_5_t4,11359.0,13285.0,13661.0,170.0,45.0,255.0
noodle_5_t5,12358.0,14005.0,10130.0,164.0,43.0,255.0
no_object_t1,18329.0,19824.0,16056.0,157.0,47.0,255.0
no_object_t2,18153.0,19825.0,16031.0,157.0,45.0,255.0
no_object_t3,18340.0,19826.0,16022.0,157.0,44.0,255.0
no_object_t4,18344.0,19826.0,16053.0,157.0,46.0,255.0
no_object_t5,0.0,19826.0,16052.0,157.0,46.0,255.0
pasta_cremette_t1,10549.0,10258.0,14199.0,175.0,45.0,255.0
pasta_cremette_t2,10254.0,14238.0,11289.0,165.0,42.0,255.0
pasta_cremette_t3,11133.0,14462.0,10765.0,165.0,46.0,255.0
pasta_cremette_t4,8838.0,10012.0,15266.0,164.0,41.0,255.0
pasta_cremette_t5,11315.0,13084.0,12282.0,168.0,48.0,255.0
pasta_macaroni_t1,9282.0,11725.0,15688.0,170.0,42.0,255.0
pasta_macaroni_t2,9040.0,9287.0,16023.0,168.0,47.0,255.0
pasta_macaroni_t3,11884.0,12943.0,12320.0,172.0,47.0,255.0
pasta_macaroni_t4,3694.0,13386.0,12538.0,151.0,45.0,1.0
pasta_macaroni_t5,11423.0,11558.0,11726.0,169.0,48.0,255.0
pasta_penne_t1,10364.0,12144.0,11384.0,166.0,48.0,255.0
pasta_penne_t2,9163.0,10454.0,14556.0,169.0,47.0,255.0
pasta_penne_t3,9521.0,11520.0,14361.0,171.0,47.0,255.0
pasta_penne_t4,9581.0,10502.0,14268.0,156.0,43.0,255.0
pasta_penne_t5,10922.0,10166.0,12952.0,178.0,47.0,255.0
pasta_pipette_t1,10237.0,11286.0,10757.0,169.0,41.0,255.0
pasta_pipette_t2,10359.0,11944.0,10273.0,167.0,41.0,255.0
pasta_pipette_t3,8937.0,11605.0,13960.0,171.0,42.0,255.0
pasta_pipette_t4,10498.0,11060.0,12378.0,170.0,42.0,255.0
pasta_pipette_t5,10281.0,11942.0,11197.0,169.0,43.0,255.0
pasta_rotini_t1,7566.0,10298.0,14401.0,176.0,47.0,255.0
pasta_rotini_t2,9898.0,11115.0,10263.0,169.0,47.0,255.0
pasta_rotini_t3,7275.0,8181.0,13021.0,166.0,48.0,255.0
pasta_rotini_t4,8858.0,9922.0,12122.0,171.0,46.0,255.0
pasta_rotini_t5,9579.0,12143.0,12694.0,167.0,42.0,255.0
pvc_1_t1,14988.0,15089.0,9224.0,169.0,42.0,255.0
pvc_1_t2,13843.0,15923.0,16327.0,158.0,48.0,255.0
pvc_1_t3,14218.0,15907.0,16370.0,158.0,44.0,255.0
pvc_1_t4,14071.0,15882.0,16352.0,158.0,39.0,255.0
pvc_1_t5,13997.0,15949.0,16350.0,158.0,41.0,255.0
pvc_2_t1,13144.0,12914.0,15309.0,150.0,47.0,255.0
pvc_2_t2,13506.0,9383.0,15589.0,157.0,45.0,255.0
pvc_2_t3,13085.0,8667.0,15591.0,157.0,48.0,255.0
pvc_2_t4,13166.0,15230.0,15541.0,161.0,42.0,255.0
pvc_2_t5,12833.0,10300.0,15233.0,149.0,48.0,255.0
pvc_3_t1,12105.0,13880.0,14213.0,159.0,40.0,255.0
pvc_3_t2,12013.0,13945.0,14236.0,162.0,44.0,255.0
pvc_3_t3,12108.0,10096.0,14221.0,159.0,42.0,255.0
pvc_3_t4,11992.0,14001.0,14244.0,161.0,44.0,255.0
pvc_3_t5,11934.0,10082.0,14250.0,163.0,45.0,255.0
pvc_4_t1,8908.0,11064.0,11423.0,154.0,41.0,255.0
pvc_4_t2,9070.0,11583.0,11580.0,152.0,48.0,255.0
pvc_4_t3,9849.0,9979.0,10748.0,163.0,38.0,255.0
pvc_4_t4,6975.0,10235.0,11409.0,154.0,47.0,255.0
pvc_4_t5,9135.0,11142.0,11528.0,158.0,43.0,255.0
pvc_5_t1,8959.0,9222.0,10003.0,168.0,48.0,255.0
pvc_5_t2,8575.0,8601.0,9062.0,176.0,44.0,255.0
pvc_5_t3,8389.0,8565.0,9385.0,169.0,43.0,255.0
pvc_5_t4,8856.0,9149.0,9982.0,174.0,45.0,255.0
pvc_5_t5,8958.0,9107.0,9217.0,168.0,47.0,255.0
smallstuffedanimal_bunny_t1,15142.0,10863.0,16339.0,169.0,46.0,255.0
smallstuffedanimal_bunny_t2,16361.0,9207.0,9627.0,172.0,46.0,255.0
smallstuffedanimal_bunny_t3,14968.0,16306.0,16279.0,167.0,42.0,255.0
smallstuffedanimal_bunny_t4,15662.0,15146.0,14580.0,168.0,41.0,255.0
smallstuffedanimal_bunny_t5,15017.0,9220.0,15761.0,168.0,46.0,255.0
smallstuffedanimal_chick_t1,12599.0,14302.0,13238.0,168.0,41.0,255.0
smallstuffedanimal_chick_t2,15323.0,9037.0,11422.0,169.0,43.0,255.0
smallstuffedanimal_chick_t3,13002.0,13900.0,14211.0,171.0,47.0,255.0
smallstuffedanimal_chick_t4,14902.0,9022.0,13873.0,172.0,43.0,255.0
smallstuffedanimal_chick_t5,11947.0,14305.0,14265.0,169.0,47.0,255.0
smallstuffedanimal_headband_bear_t1,12204.0,8222.0,15732.0,165.0,46.0,255.0
smallstuffedanimal_headband_bear_t2,12700.0,14582.0,14283.0,169.0,41.0,255.0
smallstuffedanimal_headband_bear_t3,16039.0,10201.0,12733.0,170.0,46.0,255.0
smallstuffedanimal_headband_bear_t4,12401.0,14526.0,14462.0,167.0,43.0,253.0
smallstuffedanimal_headband_bear_t5,16322.0,9006.0,9865.0,167.0,43.0,253.0
smallstuffedanimal_moose_t1,15726.0,15256.0,15177.0,167.0,43.0,255.0
smallstuffedanimal_moose_t2,16526.0,16135.0,12575.0,169.0,47.0,255.0
smallstuffedanimal_moose_t3,16283.0,11038.0,16006.0,167.0,42.0,255.0
smallstuffedanimal_moose_t4,16982.0,9578.0,9498.0,168.0,44.0,255.0
smallstuffedanimal_moose_t5,16281.0,15520.0,15596.0,167.0,47.0,255.0
smallstuffedanimal_otter_t1,16965.0,13001.0,10263.0,169.0,43.0,255.0
smallstuffedanimal_otter_t2,13785.0,15287.0,14879.0,163.0,46.0,255.0
smallstuffedanimal_otter_t3,16984.0,10787.0,9709.0,162.0,43.0,255.0
smallstuffedanimal_otter_t4,14957.0,15827.0,15671.0,167.0,47.0,255.0
smallstuffedanimal_otter_t5,16979.0,9086.0,13184.0,165.0,46.0,255.0
timber_pentagon_t1,13721.0,14659.0,15459.0,166.0,39.0,255.0
timber_pentagon_t2,14071.0,15086.0,15409.0,181.0,42.0,255.0
timber_pentagon_t3,13596.0,15584.0,15775.0,160.0,48.0,255.0
timber_pentagon_t4,12934.0,14904.0,15530.0,162.0,45.0,255.0
timber_pentagon_t5,13307.0,15773.0,15664.0,157.0,48.0,255.0
timber_rectangle_t1,13440.0,13764.0,13594.0,183.0,46.0,255.0
timber_rectangle_t2,13722.0,14043.0,14228.0,184.0,47.0,255.0
timber_rectangle_t3,13038.0,14124.0,11789.0,175.0,48.0,255.0
timber_rectangle_t4,12679.0,10391.0,13848.0,177.0,48.0,255.0
timber_rectangle_t5,13181.0,12926.0,13972.0,182.0,40.0,255.0
timber_semicircle_t1,14221.0,14751.0,15466.0,168.0,47.0,255.0
timber_semicircle_t2,14249.0,14901.0,13107.0,184.0,48.0,255.0
timber_semicircle_t3,13217.0,16548.0,16160.0,160.0,46.0,255.0
timber_semicircle_t4,13791.0,9119.0,15461.0,176.0,47.0,255.0
timber_semicircle_t5,14261.0,14563.0,11066.0,188.0,41.0,255.0
timber_square_t1,14535.0,15500.0,14253.0,163.0,45.0,255.0
timber_square_t2,14597.0,15505.0,15268.0,162.0,43.0,255.0
timber_square_t3,13538.0,15802.0,15937.0,159.0,48.0,255.0
timber_square_t4,14322.0,14925.0,10062.0,185.0,42.0,255.0
timber_square_t5,14224.0,13704.0,15923.0,164.0,48.0,255.0
timber_squiggle_t1,13391.0,13906.0,14178.0,180.0,42.0,255.0
timber_squiggle_t2,13238.0,13942.0,14618.0,176.0,43.0,255.0
timber_squiggle_t3,13610.0,11578.0,14191.0,180.0,42.0,255.0
timber_squiggle_t4,13637.0,9040.0,14376.0,181.0,44.0,255.0
timber_squiggle_t5,13316.0,13766.0,12943.0,170.0,43.0,248.0
tin_pokemon_t1,9776.0,11061.0,10303.0,173.0,47.0,255.0
tin_pokemon_t2,9930.0,12226.0,10038.0,172.0,44.0,255.0
tin_pokemon_t3,9546.0,10983.0,13395.0,179.0,42.0,255.0
tin_pokemon_t4,9924.0,10743.0,10301.0,172.0,46.0,255.0
tin_pokemon_t5,9931.0,11422.0,10226.0,168.0,43.0,255.0
tin_poker_t1,10482.0,10122.0,11602.0,177.0,47.0,255.0
tin_poker_t2,10447.0,12761.0,10865.0,172.0,43.0,255.0
tin_poker_t3,7178.0,10259.0,14880.0,173.0,42.0,255.0
tin_poker_t4,10497.0,11962.0,10951.0,170.0,46.0,255.0
tin_poker_t5,10372.0,9325.0,14010.0,172.0,43.0,255.0
tin_snack_depot_t1,9524.0,10410.0,9854.0,174.0,42.0,255.0
tin_snack_depot_t2,9710.0,11193.0,9653.0,175.0,46.0,255.0
tin_snack_depot_t3,8663.0,10858.0,13421.0,169.0,38.0,255.0
tin_snack_depot_t4,9866.0,10604.0,9849.0,176.0,46.0,255.0
tin_snack_depot_t5,9679.0,11008.0,10399.0,176.0,40.0,255.0
tin_snowman_t1,13780.0,10202.0,9728.0,181.0,41.0,247.0
tin_snowman_t2,13820.0,10180.0,10342.0,161.0,39.0,255.0
tin_snowman_t3,13585.0,9924.0,10467.0,172.0,47.0,255.0
tin_snowman_t4,13894.0,9938.0,10305.0,169.0,48.0,255.0
tin_snowman_t5,13461.0,9936.0,10326.0,168.0,49.0,255.0
tin_tea_t1,9583.0,10306.0,9997.0,170.0,46.0,255.0
tin_tea_t2,9563.0,10425.0,10080.0,172.0,47.0,255.0
tin_tea_t3,9581.0,10665.0,10366.0,179.0,38.0,255.0
tin_tea_t4,8279.0,10900.0,13583.0,172.0,46.0,255.0
tin_tea_t5,9645.0,8986.0,10420.0,184.0,48.0,255.0
tupperware_coffee_beans_t1,11428.0,11944.0,9488.0,175.0,48.0,255.0
tupperware_coffee_beans_t2,10163.0,11143.0,11247.0,168.0,41.0,255.0
tupperware_coffee_beans_t3,9728.0,11203.0,11302.0,163.0,47.0,255.0
tupperware_coffee_beans_t4,10029.0,10223.0,12264.0,165.0,45.0,255.0
tupperware_coffee_beans_t5,10989.0,11762.0,9608.0,164.0,48.0,255.0
tupperware_ground_coffee_t1,10587.0,11402.0,11397.0,171.0,39.0,255.0
tupperware_ground_coffee_t2,10713.0,11582.0,11300.0,171.0,45.0,255.0
tupperware_ground_coffee_t3,9809.0,11175.0,11062.0,166.0,42.0,255.0
tupperware_ground_coffee_t4,9749.0,11237.0,11437.0,170.0,47.0,255.0
tupperware_ground_coffee_t5,8803.0,9742.0,11536.0,165.0,46.0,255.0
tupperware_marbles_t1,10042.0,11278.0,11278.0,163.0,47.0,255.0
tupperware_marbles_t2,9960.0,11438.0,11459.0,168.0,48.0,255.0
tupperware_marbles_t3,9016.0,10016.0,11815.0,162.0,47.0,255.0
tupperware_marbles_t4,9931.0,11384.0,11437.0,169.0,43.0,255.0
tupperware_marbles_t5,9972.0,11446.0,11299.0,163.0,41.0,255.0
tupperware_pasta_t1,10323.0,11785.0,11459.0,164.0,48.0,255.0
tupperware_pasta_t2,11107.0,9075.0,9619.0,179.0,43.0,255.0
tupperware_pasta_t3,9978.0,11219.0,11379.0,165.0,42.0,255.0
tupperware_pasta_t4,9849.0,11263.0,11419.0,166.0,47.0,255.0
tupperware_pasta_t5,10095.0,10419.0,11420.0,169.0,45.0,255.0
tupperware_rice_t1,10428.0,11420.0,11427.0,169.0,44.0,255.0
tupperware_rice_t2,11441.0,13202.0,9473.0,177.0,46.0,255.0
tupperware_rice_t3,7326.0,9059.0,11496.0,169.0,42.0,255.0
tupperware_rice_t4,10006.0,11103.0,11479.0,166.0,43.0,255.0
tupperware_rice_t5,10444.0,11319.0,11439.0,167.0,47.0,255.0
weight_1_t1,7818.0,9084.0,15026.0,167.0,42.0,255.0
weight_1_t2,12440.0,12928.0,14196.0,165.0,45.0,255.0
weight_1_t3,13743.0,9081.0,9625.0,173.0,42.0,255.0
weight_1_t4,13001.0,13161.0,14064.0,168.0,42.0,255.0
weight_1_t5,13900.0,13044.0,11931.0,179.0,42.0,255.0
weight_2_t1,11902.0,12666.0,12980.0,168.0,45.0,255.0
weight_2_t2,12846.0,12826.0,12799.0,177.0,46.0,251.0
weight_2_t3,12287.0,13047.0,13365.0,170.0,46.0,255.0
weight_2_t4,13425.0,9566.0,13560.0,175.0,46.0,255.0
weight_2_t5,13906.0,14104.0,11110.0,173.0,44.0,255.0
weight_3_t1,11623.0,10761.0,13285.0,168.0,41.0,253.0
weight_3_t2,12570.0,13203.0,14245.0,161.0,43.0,255.0
weight_3_t3,13770.0,9119.0,9853.0,175.0,47.0,255.0
weight_3_t4,12411.0,12939.0,13977.0,158.0,48.0,255.0
weight_3_t5,13842.0,10976.0,10918.0,176.0,42.0,255.0
weight_4_t1,12156.0,12583.0,13322.0,164.0,42.0,255.0
weight_4_t2,12747.0,12983.0,13422.0,171.0,45.0,255.0
weight_4_t3,12024.0,10289.0,13383.0,171.0,46.0,255.0
weight_4_t4,13523.0,14444.0,9942.0,177.0,45.0,255.0
weight_4_t5,12892.0,12944.0,13503.0,163.0,45.0,255.0
weight_5_t1,12406.0,9003.0,13961.0,180.0,43.0,255.0
weight_5_t2,12436.0,12759.0,13026.0,169.0,47.0,254.0
weight_5_t3,12029.0,12214.0,13484.0,172.0,45.0,255.0
weight_5_t4,12908.0,12316.0,13485.0,170.0,41.0,255.0
weight_5_t5,13172.0,13404.0,13485.0,176.0,42.0,255.0
