ball_base_t1,374.72876128745423,7920.872924022991,185.0601839405062,12.054072490196395,15.757955992416917,485.429673028742,8231.038404766874,200.1267210417633,10.115905017563506,10.09062589542684
ball_base_t2,332.7935609856632,7598.513682217479,177.19552745399358,2.036124264380738,19.151113714414024,567.4173057675545,7781.25155951441,296.5097859362107,4.789960820553951,31.820961990877272
ball_base_t3,306.1325981731371,7863.458061834109,128.02637983546106,0.0,5.3906672517803695,396.52239957099397,7407.271049450716,168.49236635665187,2.029632091389964,0.0
ball_base_t4,308.60171753755867,6915.458467234001,88.99285631856215,0.0,27.76920279022448,435.6066850725175,7572.737682209603,122.89614705149012,16.92030227212333,9.52973276506243
ball_base_t5,302.859734981674,7585.973897599991,184.48457493910652,2.1272072140720097,9.90549207990896,357.33909597476855,7442.741004611849,254.67795340832996,17.89961986135892,28.680308510579977
ball_basket_t1,343.3498517607251,8008.600031579974,166.30853834022648,2.2637974063285786,12.05940571032287,467.9177468204629,8832.439575051107,202.50590503670804,0.0,10.850321569088813
ball_basket_t2,437.7078670383846,8617.089062283701,211.42093357300269,0.0,7.295027384625876,502.14299851347704,9126.582012632003,236.77388984270397,0.0,20.567735160333033
ball_basket_t3,359.3759433685522,9666.723779137754,200.9916920732852,10.385048608741178,14.862635919007303,433.09078505307565,9376.751092125072,210.23342869957426,15.027713888444588,25.332515692244556
ball_basket_t4,524.8225942832205,9649.765094789593,237.97603331636324,2.3270209840050864,15.619589034147216,484.3884966104988,8991.409036194476,221.7829232103863,7.957269265573839,5.7143341180340705
ball_basket_t5,471.4775420443359,10559.050955388037,213.9157000614724,12.15370019562158,19.30523136748002,556.7794257544085,10149.822035937184,209.15228571186321,9.7578243033206,21.408693862845638
ball_blue_t1,381.2778337094721,7703.787988408389,205.07284145122333,0.0,9.381254711775137,537.9655120664161,7958.304723605804,239.85623055035012,0.0,32.96049429624881
ball_blue_t2,275.88876593507086,7677.476921698602,152.71074101717014,0.0,13.149117692257088,320.4560844176449,6929.329976948828,139.58701194748994,0.0,5.774340864618122
ball_blue_t3,385.8744065715507,8174.34798183389,176.33274942095377,0.0,21.95616450791557,462.4084320166531,8021.253326462772,286.16334431977293,4.625406873554415,43.484311413791
ball_blue_t4,365.066851524624,8737.131214184574,232.5797761445637,8.040236886960994,14.908813393364705,408.6531683355631,8297.138702190623,214.5157474480305,9.930410367705662,27.148182000779762
ball_blue_t5,369.12388755444897,8319.846474089109,213.23804187236405,0.0,38.17676219981012,443.56739925376803,8030.839187435937,237.4143462006375,8.918761843020679,20.72338190630205
ball_transparent_t1,354.13279480632684,7807.1121398967825,120.23830820376854,4.179464914950145,9.46600469345395,522.1686387242031,8624.482533517585,198.81141838060137,9.330310032089946,13.629103301989613
ball_transparent_t2,311.76549510221764,5542.6732055050115,92.03919064252261,14.311096672669906,37.76781703237977,514.2050723743965,6736.219502496129,229.60944633245754,13.123124586037086,4.55693209653853
ball_transparent_t3,416.51999057109873,8319.951174009982,165.10792077908079,13.938977409994852,13.639322738748687,470.1288060972577,8761.400577713603,222.1446790640356,2.0401603797005765,28.77041777490502
ball_transparent_t4,265.26135073530173,6908.484071697638,119.35912124877702,12.838845421077792,33.148820834447214,449.57484795452535,7806.048495921557,171.92342975492724,14.877391300154601,25.662872773206978
ball_transparent_t5,316.87980356750023,9109.614359679443,131.1597291617095,4.8034223163461105,6.903894631188038,546.1272067230242,10388.704655546037,267.5837999596154,8.806739062561352,2.507884002500913
ball_yellow_purple_t1,469.1520560659645,9458.881771743834,194.72606802630978,9.21434649603605,14.260808580687701,516.6431030972035,9736.205485563321,253.40834618081738,2.03145318676065,10.478873031717852
ball_yellow_purple_t2,275.45979726150404,8287.580485502502,121.790721337036,5.769583885791315,14.133796158358619,323.56651344666454,8372.83082248565,152.56041924444108,3.425325311558013,10.587555024851428
ball_yellow_purple_t3,499.32892923421485,9196.586194527385,241.79635143520835,0.0,14.523866431395572,533.2371002976647,9044.297055782856,290.7053124484455,2.4593434510047594,10.38691609232778
ball_yellow_purple_t4,543.4487097097931,8357.6377223939,194.52679531634035,12.865847381966484,2.8317717033687586,551.2974957582105,8526.104983410372,193.11570825249743,4.562344973522736,9.58565314774706
ball_yellow_purple_t5,349.6053361937574,8296.852984630568,186.29547851199814,0.0,5.123972687064537,499.18130948377484,7602.279835428747,250.41603331284205,0.0,7.334697994819302
basket_cylinder_t1,705.6788991576157,15893.523100644117,157.02755344195745,17.478851205795355,14.216733424048297,694.1377912212912,16141.4113842343,303.0146156439649,0.0,20.81130376363229
basket_cylinder_t2,820.7549957584826,17719.0665014234,244.72708768885337,21.77765783560209,10.988793008702707,874.8958019717588,18334.58639690016,344.85305341405285,5.809842121811217,25.362343597287023
basket_cylinder_t3,1059.763188188679,19695.172277313544,277.6166123397654,4.3959582394230114,10.386593843963624,999.0430186972495,17291.286323964257,356.46798975468977,0.0,25.832175807876858
basket_cylinder_t4,814.6659217247925,19229.13966430471,202.50325540186597,13.328003509545953,17.597953314742995,851.492803726343,19412.40816403827,357.93584360935915,10.227356668125248,16.80470875799196
basket_cylinder_t5,0.0,0.0,0.0,0.0,0.0,0.0,0.0,0.0,0.0,0.0
basket_funnel_t1,697.1055975152846,15975.616871734052,300.60297537488407,14.666671046288485,65.87023237319056,753.9682116159104,16761.96066971397,221.6090660889771,13.254170717782518,33.2114403643179
basket_funnel_t2,1008.9647210513824,19778.158489921378,238.68818309261943,17.994426230828747,62.3457908362489,935.5628206094091,19079.997959518867,225.863709157042,69.03043426821806,27.04665391040658
basket_funnel_t3,874.5260767096727,15605.527204644139,344.68248434589054,38.42453312456933,106.98191099082871,593.9733481977818,11275.300412460168,208.36035520691112,74.38795554500706,69.60089382293914
basket_funnel_t4,595.1292676493531,14440.9203527332,185.25632294889806,31.129471600734544,41.30113365446484,858.9850899782102,13176.028802843004,274.99315858740596,26.367443343724926,9.120871841131182
basket_funnel_t5,765.0555413356457,13919.632575656131,264.5440824318127,25.984225826508432,53.68156381123154,757.8469694805441,14429.62340525557,175.0164517256205,39.51153262791523,62.33285702795429
basket_green_t1,654.9527068125859,14108.751071125516,240.88996118109603,7.523521370925621,39.916427623465005,797.9011264535995,14372.591574010483,202.438347782078,12.156096329021315,24.801441622718162
basket_green_t2,593.2580854982938,11774.78204895443,134.95336381196952,8.411324511790749,4.350573577575198,694.6324660887536,10632.235448987482,190.0427328794194,5.241617820152326,30.796333586883343
basket_green_t3,532.2284107611742,11210.563569695882,217.36682944426028,6.716855126932303,13.420541475511417,554.5675293678676,12747.316005160768,175.7974136508524,4.626442205824412,2.179929995871427
basket_green_t4,732.59053607506,14297.700535812422,259.12070835047996,0.0,35.271947356647445,742.002697210505,14601.676461259229,301.66751080074994,0.0,12.400547018644804
basket_green_t5,567.970324283626,12256.170046045854,164.13312411588404,0.0,15.070684158603914,578.5357665464775,12440.013867300058,214.40646138996073,12.945975651542753,30.934039862254828
basket_handle_t1,803.2861125206804,13382.284428275678,367.31695580632373,11.826995318698632,17.321743458317282,744.0795628199346,12920.42109886082,205.86932998749663,20.9930496000388,67.31252473814092
basket_handle_t2,634.8648911310154,11509.669782587545,201.09983154758967,14.366887740808593,54.06387128039419,731.8324103443422,11130.261251902477,234.3665646679099,15.312246648605024,32.65679687071198
basket_handle_t3,741.2867983761382,14685.869922978814,281.41389082858564,41.41565377571216,94.79400180195145,608.3182220242323,14775.838109504208,325.044618834481,40.57671276142108,30.07513398975145
basket_handle_t4,770.6495585719217,12176.964285769109,240.74942017343403,0.0,65.08436562485643,740.5935595927668,12281.381496402611,254.61974640997346,19.774374388323,26.501242898498482
basket_handle_t5,573.4737751686646,10083.116993087498,270.5463258071499,11.633640207378892,11.632549813852737,421.10393648304773,10873.683739464886,180.98018317120454,5.015439181064645,29.977587811339408
basket_semicircle_t1,1082.199131789491,22166.35086526376,426.3634223615816,33.803917664652865,36.4592375510362,924.4843427718333,17708.409592842174,225.31973060103272,36.355546433688914,46.05308225997711
basket_semicircle_t2,1220.7906211831962,23881.335638745397,344.9203535906981,41.316996314400775,67.3145810025354,814.4826780132955,18776.062671672833,278.1671665536732,13.750182739208139,88.06932547729828
basket_semicircle_t3,886.0618953990636,21030.629091993527,247.2930047133222,20.65459958945518,35.640536290154834,711.3306724687931,18244.379910693035,195.06958565312203,34.936655002398695,42.64252325160263
basket_semicircle_t4,936.6256267586122,21531.11083626711,274.4962285148782,34.4867113934559,26.897465561222734,797.3181245231551,16677.13084914773,175.75778415960602,24.98123410708772,31.139274112321715
basket_semicircle_t5,806.0265652190922,24120.87949793267,241.52739250921397,21.874264747203014,34.801520287023195,999.2156822595248,20602.383515418824,325.26788042812996,33.58259877278741,43.310128065736244
bigstuffedanimal_bear_t1,853.3943182192054,18331.77957189557,443.7312330159844,47.23227729168243,61.94437039412695,972.1271294788465,17701.915417402975,435.0689170522754,70.96595444436672,102.46345213931373
bigstuffedanimal_bear_t2,1370.5041228237635,33042.816996159956,475.7776221420211,43.97306461412089,151.12757992521807,1280.3038317014325,30062.5615047924,400.76273628628735,52.53279145694658,196.7283203441935
bigstuffedanimal_bear_t3,1296.452057579846,30190.623971057095,448.5842503913035,31.500181023074944,67.0937838959262,1155.9817045010536,29438.72528740557,465.7433858124024,28.334540214768158,129.38658685664097
bigstuffedanimal_bear_t4,1124.755363278144,30915.43627656319,419.4070065388935,169.8379027331619,77.93203771497082,1144.334154419452,29789.10448128344,351.30573716960953,115.11227752096245,158.40092408961826
bigstuffedanimal_bear_t5,1080.2492595942344,30929.306123140486,377.2633042645882,19.723567020835077,100.60408822351468,964.302969883962,24830.647660187064,219.85790278585063,17.67650125474986,71.93086735717061
bigstuffedanimal_bunny_t1,1575.2605816619616,38238.91889378613,664.3708838433312,39.34427226877421,111.86545730670132,1729.7564775947828,36270.31377360525,731.6244284027737,22.650688688950346,272.62440736766666
bigstuffedanimal_bunny_t2,1375.2939765754988,29358.56164040688,472.1077617604942,82.83232514560895,153.19965933644107,1381.3958780083212,27772.456704810724,555.5786123271496,31.941095686924317,193.45184059890454
bigstuffedanimal_bunny_t3,683.5378203132963,20264.21776970087,359.0655536013036,56.85527263995005,74.85543029412227,767.0873068409718,21666.232631861134,219.91013520276417,92.25878557567592,68.8583803254736
bigstuffedanimal_bunny_t4,902.6321006238194,23254.16441909518,387.0433082100681,23.359143959538315,78.7831620293846,764.6983433602362,20943.561830870916,272.81615384631345,9.589415717806366,109.46821714860243
bigstuffedanimal_bunny_t5,1125.1122843937446,24116.111365414854,484.67894236266693,70.88202467602663,130.69565806978963,1099.9706533113183,24741.588601595413,434.99604873384675,50.61763294679712,132.08002924548086
bigstuffedanimal_frog_t1,954.9605441255782,29636.289205787325,380.275770304034,10.081946967440068,126.67936667428697,1203.4786825223634,31631.709996145597,495.5822489437385,18.928088230311158,92.43154410788016
bigstuffedanimal_frog_t2,942.444378742806,26774.555678580284,415.0177247824202,17.1362528906833,57.69438256354395,967.9520608117215,29911.343697661854,313.2327303964259,12.249884778337968,102.0325529949025
bigstuffedanimal_frog_t3,1415.4840452758383,32629.064681118536,670.0255349052013,42.31917408917533,108.14009528733723,1181.842925929,34474.51611867585,393.4262341935377,56.24501575700068,148.50811152326096
bigstuffedanimal_frog_t4,1434.7904036288758,43418.22257460051,761.515545752224,99.42740565993941,174.97539748471172,1170.722583816323,33972.49216908093,630.0837003898423,75.87434266535455,155.87705620998446
bigstuffedanimal_frog_t5,1112.053022084234,32253.087605810128,282.6072975690762,29.63236411650255,84.59153301883829,1095.5858638300047,31056.466075054635,328.978164945599,115.55484354257237,100.74377058177092
bigstuffedanimal_pink_dog_t1,856.1831416469531,51811.27379636058,762.2017197466445,55.4250398854593,129.53257507571848,965.5348150186959,55985.99470854425,810.404394161676,20.27905631488093,85.40218723714956
bigstuffedanimal_pink_dog_t2,1341.133188827986,46130.72694351163,850.0488532149277,61.390349730319485,91.71490681831654,1194.1268201078258,39633.964716624796,786.118164311408,115.33137659696615,120.07403761812874
bigstuffedanimal_pink_dog_t3,1183.6100779487192,42250.77165655069,822.6368705339758,71.98893899581921,63.267272891392004,1283.600612551795,42266.938352734396,812.5577854896618,74.39902660856539,74.35472513944788
bigstuffedanimal_pink_dog_t4,490.40860187601214,22187.637889463906,444.6662558786161,40.582825094464674,56.16319647198748,593.566833113279,20726.40402550042,366.3386668768544,9.922027378175208,19.771755529644174
bigstuffedanimal_pink_dog_t5,1385.223925123083,35716.78936018838,916.4693040329214,83.86135109148567,142.0885660679702,921.4324145486089,27841.175780616104,586.4838798318807,134.37023503278044,147.66152279822649
bigstuffedanimal_tan_dog_t1,1545.4548582582674,42725.50233059705,731.5880773155847,39.12891368170589,173.30757943452957,951.013650498206,28921.169797950577,423.1151996807391,67.32050520417579,267.493892731557
bigstuffedanimal_tan_dog_t2,1003.4624110270206,29086.882635615937,483.4070507770645,61.25777885824946,97.44562813202907,1035.4985763664333,25783.411099281853,533.5526457723525,110.86567838742741,173.62707104194064
bigstuffedanimal_tan_dog_t3,1095.9520403566846,32185.165817296318,382.45381378607976,86.30061678791871,128.05765362697238,1121.9774312544093,27012.86412240753,379.8219537045198,75.09676397717605,117.26697971080492
bigstuffedanimal_tan_dog_t4,1327.6321179339839,35313.09801532605,755.2797928223353,85.70923695786632,79.19113618204334,977.7733754749453,25404.882338119947,470.4838361441685,61.03078403387877,319.47054270810224
bigstuffedanimal_tan_dog_t5,1039.6645960834446,30840.43953819132,443.453315340959,83.24231585597235,102.6720283306168,882.2193268364067,26247.46038782948,401.4702372050501,47.15141373204778,130.2642189647102
tupperware_coffee_beans_t1,552.1705880072253,10323.889310281018,94.04317299024889,6.172550404854728,45.094950040148376,560.068720104084,9688.419011355856,109.81741260376498,5.5499097273474,16.00484596786896
tupperware_coffee_beans_t2,658.014918287445,12696.85087147885,211.46883228659505,17.765449688104745,85.59786438378015,829.8848585484691,13416.01792456027,282.92529315504504,32.10274039125282,33.72146641292058
tupperware_coffee_beans_t3,700.4176946115449,15019.14785351979,213.99894338556572,15.659216064719445,57.967128019032195,813.1957588487709,13684.427949569676,261.1292798872066,15.21300324576683,35.149084649789025
tupperware_coffee_beans_t4,860.9699436621726,15254.790069481729,250.85724528660273,2.2364815782831746,31.772969226559525,814.5130547241063,13778.931364381493,160.35792601578788,5.6028185740569185,31.458615173133417
tupperware_coffee_beans_t5,641.4198674574006,11637.745681877586,155.60399762584754,4.357314498037407,21.453804030278985,638.7330275351203,10553.754368358812,125.08357414364508,43.73578128077913,33.22514093959225
tupperware_ground_coffee_t1,779.8357206449595,15078.740800121039,260.5427309242707,34.609531294797875,29.574334981259724,911.1298111330298,14033.646616379476,267.6532851521549,2.376279187806012,37.593798395418155
tupperware_ground_coffee_t2,711.9321289891531,15085.241972681088,178.42677408781458,11.669297424447565,23.35002608534371,812.4034380189476,13898.878883518602,197.38005608901753,21.425149891114287,17.543388485176475
tupperware_ground_coffee_t3,714.7901047671996,16631.239657288766,240.59452547519965,7.880650439807144,38.13291333796504,760.8555115175881,15365.418848423285,222.28972531398333,0.0,46.823828060593605
tupperware_ground_coffee_t4,715.1087642727181,16402.937145775977,229.02985980234695,25.293656832340904,50.93973083839518,856.444496341739,16211.016513293538,186.19552922993012,6.363190848523255,28.436657828739794
tupperware_ground_coffee_t5,752.0372085570964,14026.837397222122,182.59261708521805,20.353938140467598,50.530727760937715,715.6389383062354,13448.941315980563,178.01450008531813,6.939697964394362,35.688214078609406
tupperware_marbles_t1,694.5088551053539,14221.559872832966,163.5180759379521,0.0,63.79228065887772,762.1542739140356,14001.156485354419,221.97775457976851,13.704920092509035,13.54753657379236
tupperware_marbles_t2,764.8378251394757,15370.693332662975,257.5729271923499,24.936883844932886,74.8945486416984,815.0643358034342,14363.880792583457,219.03144992904421,18.242642131777906,47.15805830524886
tupperware_marbles_t3,748.1095494116222,14993.342708988757,214.07623144369987,19.068724037758894,44.494768876488415,746.8193995360203,13312.45383387138,133.9894794668706,7.876904759327621,60.423841359249934
tupperware_marbles_t4,681.0144813491339,15931.930669722671,167.9510457406725,15.218678173758194,28.938308212000663,894.7050051143058,15921.793734261848,181.7117988034275,47.14746146461054,17.851721214481998
tupperware_marbles_t5,873.2253249738544,15916.380233429474,211.262711108372,22.193035430920336,53.608734974650986,864.1913675960676,14640.100782088293,258.0435735742404,6.070458022421102,27.89206410789849
tupperware_pasta_t1,865.6060800735223,15595.358028812077,187.99460708145708,11.454433504927884,34.159129271845615,867.2517416663645,15127.800383150428,230.09576018022494,17.44383003881617,33.325681682472016
tupperware_pasta_t2,741.9253190186022,13706.924555180083,163.4390610056723,0.0,52.419716859620245,772.6079863740031,12708.775509758836,169.40363772672202,14.412474803242564,17.97023487996777
tupperware_pasta_t3,652.8275414971864,14581.044962011447,227.7575680584386,4.574201570766204,81.60448586775571,761.3825451378241,14355.394678799024,229.72196100420243,2.86882960456002,30.386956377023452
tupperware_pasta_t4,918.203525311917,16188.831340057808,213.17657666392418,6.099699837562021,46.512519800072255,901.8270131798662,15232.92545783636,228.99842296178593,2.6195356076984333,35.74783158343611
tupperware_pasta_t5,883.8350517336137,15905.332225702648,268.419422083815,21.816525349841264,51.032950653319,952.7296693409853,15144.223812827193,210.54865006145923,26.522470862729648,53.21766319260013
tupperware_rice_t1,700.0390327313727,16247.988419299836,205.88893380181332,11.483333075597182,42.461387386257954,822.0106690532326,15369.293738677112,194.7352224244075,21.588791567135402,33.29038904206129
tupperware_rice_t2,707.2086542327612,14767.85441267192,214.3466153812222,6.334136926839588,32.220173882811004,750.2838295372896,13094.911757076843,200.33142286274554,17.276518582423456,7.932345903554085
tupperware_rice_t3,707.2430578015324,14656.444503314859,180.47646385116624,0.0,36.59734766659814,791.3920071560148,13763.799388454607,189.01226709877164,6.290851471180142,47.47664241424127
tupperware_rice_t4,882.7302145612732,17786.974391889693,221.70426275506014,14.269460456757939,33.84273745083063,890.4549122691833,16637.93663458086,210.5201673522587,13.540409422455738,38.797033879374816
tupperware_rice_t5,782.0891117500965,15804.167316091009,189.31451682229178,3.022139970285956,81.78470827523817,852.3406685666286,14993.779119300305,250.79979517564496,25.285848076726886,24.88711168522031
weight_1_t1,838.1754103189897,15995.394420357376,348.8912915200511,34.61958553438929,125.88419376466089,838.4927380308973,14543.245994007284,386.88327507320184,28.562652499633476,91.42850390328044
weight_1_t2,602.825164611576,15260.544580677437,297.50142872935584,7.758988602019992,29.497587831523465,660.1162451849123,14089.688670947977,283.8311931133918,9.165705932417195,34.57397730474929
weight_1_t3,527.4030520084206,14575.537173171395,270.63903848272054,18.532062317679596,44.55527765401529,600.5299812313709,11725.539496297279,191.96359141551562,5.017004061467764,71.60297637444909
weight_1_t4,616.9370049753269,15435.276040579332,305.20602514818904,21.361489945255414,37.189479101363766,866.8620037432956,14965.84166136723,326.01140317911984,29.72955240407369,63.28855498743981
weight_1_t5,575.6847012527357,14214.907527023788,362.59261802061064,21.050138748015463,49.30885200841872,638.3950292169786,13312.584847552642,280.8745632859744,23.325441866797515,51.42333632859394
weight_2_t1,748.6051175398335,15841.927930515221,319.3790360120762,17.5930396422638,26.749434862789304,735.6804280355555,14100.816293669106,300.47559263860467,10.816261022739486,14.590773688497833
weight_2_t2,651.1705087023745,14105.944230920657,305.19163510658353,26.2760502806146,60.81824268928279,734.7359835992933,13593.135729191235,409.2126791652729,0.0,70.64636555549673
weight_2_t3,696.7403782967706,14331.954936996077,310.33833827246167,21.254183928797456,58.400077490980145,685.6998206866925,13855.75460822113,336.39138206066457,3.41997476306478,57.324336447576236
weight_2_t4,613.5667084111315,13583.800393438902,260.18437662297816,8.933101953038062,21.10352298820114,737.9404332389862,13961.07695492221,287.4091156494444,3.1439242898008852,42.025828431361056
weight_2_t5,501.4819469402159,9154.968863233538,175.85474417837872,9.695981892187934,21.387827894418287,582.7084103624027,7875.691311542229,125.97775229735963,21.515514732917644,19.935730860181238
weight_3_t1,716.70874193564,15274.105937650102,291.3847252892287,17.32361135579511,104.79458824555999,754.8569709344994,14867.46234007886,289.18178057218836,27.50053132494567,41.9555084221517
weight_3_t2,700.4992990869193,14645.657125280748,340.8680946064234,17.438704586616275,72.97489676449732,724.9287112966007,13269.802432247514,284.50876926157446,24.57622460330767,45.38799037128831
weight_3_t3,657.7533342171957,10071.414444938619,342.03760075009586,2.0977035681907013,16.50381107708247,630.7954989825228,8105.364973422464,262.0807023309265,11.844578066296341,29.84076853609089
weight_3_t4,718.3447448687323,14775.622648945999,352.6355760009134,22.407390783622393,48.753824410711765,905.6914650834572,15441.27267026224,336.6389112045915,5.090162134218149,25.92585770788802
weight_3_t5,673.2746629112492,9277.798870375278,160.87860301626785,9.562795361657598,39.1964055453458,580.0893446336736,8608.479208596847,221.3883905725395,18.97744978804265,41.51746717539789
weight_4_t1,670.7072348035659,15679.935446687356,309.7591996775173,6.588437436879289,100.08190533389366,735.9194461850273,13784.464364263291,344.7663451245512,21.396389026936816,71.7328469681323
weight_4_t2,590.5899164454286,14488.202941293852,314.49698254168464,2.1065060992316162,46.64961971374566,754.3224924495473,13756.438602677264,302.40183500739005,22.579519877183174,27.01218689965939
weight_4_t3,700.7185727549775,14539.136173083622,346.80437271141466,9.082132928127537,56.845145609326174,810.0708690190797,13880.596128322195,305.57568646526204,21.08856794223126,51.42935633886256
weight_4_t4,493.74493272933046,8131.707422383079,159.41424911208617,11.17284080465435,5.46020698951693,449.5309444184436,6888.834742365659,129.32951991577963,12.366377235430654,12.154359158976293
weight_4_t5,699.4573785893888,16408.020985693685,310.90542684892665,19.862800181319145,62.132693383728494,752.1853248722886,13289.053819867007,281.9506054264651,22.194732622149942,19.882814921242826
weight_5_t1,544.5487777675278,9632.869895485943,261.0921667992553,29.167856904990785,15.658223275411476,484.02233574768434,8720.503704779572,250.6797539127495,13.947146767501822,29.261341403772434
weight_5_t2,716.6582150193462,14598.424368342916,398.93254251721703,12.381379572482405,61.48912340907974,704.943866066796,12688.870227662617,345.63825481091516,10.72012197082431,45.8525317607914
weight_5_t3,762.2856226035792,15561.277876361144,401.2687350332531,3.6232901636496075,120.55535582403579,771.9146357605272,13843.717227389265,331.6296460813614,6.73891355161748,35.08252244780532
weight_5_t4,687.510686603869,10832.072758246095,389.5104242812443,28.908830727221254,30.983100472837737,587.8281233847076,9342.996452293184,344.57249216795543,0.0,49.7557144588697
weight_5_t5,668.4815567006693,12890.58946088228,364.9686175373221,14.809891454096658,41.06579629338562,772.253840765282,12911.66782346975,396.9688308948702,6.479463362804037,91.95115827267598
timber_pentagon_t1,573.5045470926951,14173.357439559,236.15842161248614,61.49225263140806,69.76243478810639,476.04897936604397,9821.968239110887,206.1127654176097,43.7932947943784,101.33244841824892
timber_pentagon_t2,680.9149512711222,13194.060896412133,199.70777350398052,17.669088142251223,54.309811980809336,546.8647729372302,10671.341902802902,183.18605933628123,31.591750809944507,56.315788221072886
timber_pentagon_t3,586.752136673116,12801.492067273379,215.5143305633536,15.423681024117581,62.28187995740103,507.78992423501137,10167.774531375238,245.25553793581966,48.513934186520586,51.95757335261685
timber_pentagon_t4,654.0797134403798,10428.705019238298,242.61319734760983,26.117666914834402,40.3002722996,497.24743963664764,9728.531720769366,162.20177845595592,29.368117780830328,54.398649799857395
timber_pentagon_t5,579.2559001283284,12861.919184060576,297.34786852495614,15.478312269914134,15.807308100386885,468.5163295960484,9444.73491904519,188.48189332662068,2.444466624051145,80.12113660872254
timber_rectangle_t1,611.5235205308119,13668.931708277161,186.57097610950925,4.173440895414854,35.34378540024091,659.5690918762215,11601.603661295529,225.15960257912133,23.397619091705874,32.51840671687858
timber_rectangle_t2,624.9009719930054,11996.40166153308,212.35573570541357,30.667483425595083,44.529839489543015,487.00998009848354,11236.756661239633,184.51892462526482,2.129380426321234,6.012596285340942
timber_rectangle_t3,604.4692466828938,11920.427579756835,279.05870435934787,0.0,56.285611161365054,592.1237204051085,10397.986043030933,247.37193554276584,12.486495119674892,25.50151079104223
timber_rectangle_t4,792.4739824669438,12349.21564837478,360.42051991648464,21.38281192385227,34.28469441073844,786.6929464048299,11094.482545441113,349.68202390197115,10.962080237721395,30.703663872802878
timber_rectangle_t5,600.9470484930414,12343.0489208958,363.5596976437587,8.640694503446579,28.837435739345672,594.7371197063342,10591.122187346982,273.0377472067159,7.633330413045652,27.421130378834583
timber_semicircle_t1,614.5860687351395,12845.59394142901,259.1941000024975,9.579512776582442,38.71693062872709,535.6640963041029,10896.184158953512,199.6563578779597,31.80923079897811,31.779128804433682
timber_semicircle_t2,666.9863268584421,12442.98665457713,248.7004077766773,22.924448832570736,83.2628655731653,557.7289863595793,10444.262677938432,191.8798857438719,24.291614827994522,46.08140311628074
timber_semicircle_t3,526.7837030449484,12653.260048187,208.86263611629363,13.171630317978932,57.20296018351137,494.49623468986925,10638.815901524718,140.98832733556065,31.83809995673388,15.638031088429761
timber_semicircle_t4,558.0496346612948,11040.510263805818,240.08292694844965,3.0563166884339714,45.507214507499626,574.1222578747318,10369.224094990743,262.25922475677555,4.923058439031513,50.574924920402
timber_semicircle_t5,701.9442619867452,13676.982229134046,310.0302124463361,19.699869589295922,76.80347563553491,504.3578437926114,9038.419023251301,180.86896471362243,39.49914279454438,82.0441578037213
timber_square_t1,507.4324373642748,11016.38683389651,286.0940883846058,18.90408290372907,31.96481374206952,482.2101138672938,10475.86417258271,190.43039530823884,47.34992526992773,29.849867754227375
timber_square_t2,581.6096639514715,13038.536715418795,277.0006827357335,8.241906180956182,80.38113010660669,710.991171057576,12640.7197270461,252.31332694989888,17.12467851092113,68.48446731490382
timber_square_t3,576.3359178436651,12921.826718135337,197.82050664965493,23.014289016529972,81.54184773103702,512.2137738976392,11983.193950846957,209.2345078971484,33.83990474698025,36.98266727739629
timber_square_t4,657.6568499764077,13982.134578648114,262.75030841989076,14.258857396512493,92.33687351115736,604.4249920551897,12186.316517994359,238.24623615708433,19.70779230538965,65.18982766370777
timber_square_t5,608.3000565689631,12420.461266541954,214.32585675604153,15.05863412089351,71.17188286751356,529.0892103319951,11034.932708756258,254.201511828502,4.351823144198613,98.62850613882117
timber_squiggle_t1,617.2502438808821,14464.795320111903,267.49086270373084,13.106988599675402,9.153935231753142,572.9581575661438,10932.296604123778,137.3242030493616,4.408829216329952,36.379885019378364
timber_squiggle_t2,503.79898582793584,11623.469774714724,240.0946771414693,26.639371267226878,84.1799703425155,502.2047265762266,10792.325387001432,236.5600620916492,18.292996691413432,21.174407141005517
timber_squiggle_t3,671.1094225322419,13807.91026499682,278.5200365100704,5.1153540574093554,45.89863299127542,628.0914718911749,11985.651816123764,291.58407278939575,27.386491669284315,12.022173239320523
timber_squiggle_t4,813.799275000827,13742.090710587623,354.30445507524814,4.256038731026774,37.38515781985884,545.0461001151427,10885.639113323703,262.8641834054492,15.309645452559007,28.484368860243517
timber_squiggle_t5,654.0374989460888,13842.020365496675,268.9714958889995,8.708031643845176,59.78220582480855,568.9854199594962,10460.274980539727,186.88199856504238,23.55391973230264,11.593915005906958
tin_pokemon_t1,861.8050277770911,18874.681025014557,329.0016970318622,48.058350057783954,126.25621135805021,1001.5235172729771,18742.39435177081,359.278416608063,86.50554931890076,99.98395733297522
tin_pokemon_t2,862.9853795061197,23817.119274335684,323.7222808176769,101.1092813322094,183.22000410826845,1089.0980542060415,24413.503300965807,532.4582114854072,104.85249306217307,189.64090780694104
tin_pokemon_t3,1079.5878419915305,23159.986511869105,443.69423839330676,125.90908262988319,197.95720753449942,995.7770028875772,19188.84800419911,386.1106449371469,151.7832274456202,136.49267820450132
tin_pokemon_t4,848.3910518864662,20000.564084605543,305.9941936752564,17.483859679247303,66.07490022458165,881.903509383126,17207.382769776545,295.93417824077636,36.518624993363716,85.82160310060372
tin_pokemon_t5,1091.3580249317547,22439.14324708943,404.01613621716814,113.69219475802701,175.22142988346198,865.127008307734,21160.415995128697,434.50218623906756,52.44475559882528,185.77251580766628
tin_poker_t1,916.7961170136305,14860.933153618487,347.9887595305028,32.31243981023486,45.983393342000156,751.898099676055,12033.641698352261,309.2014778691439,9.397856182933797,86.97505014515149
tin_poker_t2,743.739786499546,17338.275351982327,269.2168033476808,76.18229668934616,47.53667112140058,882.7188723752331,16654.164398257046,309.12031611395474,83.69044509500712,53.54490027185679
tin_poker_t3,766.591093134159,13148.741948306131,251.81960765310612,22.064623147804017,78.41462092332836,808.7632754751737,14016.123086422469,234.1125606947301,22.345175086771896,62.97991519037846
tin_poker_t4,844.0772057393558,15919.421893954532,297.20706785385005,27.660897378343968,50.31350302411484,743.9801575151001,14318.681015107775,280.40669425109587,32.50135277903015,28.210891538855343
tin_poker_t5,765.8233101608201,13288.163589631902,349.6495441329095,41.96065952477716,58.989317383259355,805.979711690967,13703.573385944703,344.29068167217173,15.922694802315943,66.2538749272023
tin_snack_depot_t1,1166.6054262999605,22406.29789667871,348.67318812519517,17.37142448831138,93.25027070003924,739.8742263140783,18410.59000182433,241.7737894753735,16.062651214746673,84.22169607550255
tin_snack_depot_t2,1255.6274536961378,23023.01401060517,436.7492454901819,15.55175680925447,128.04258562391888,956.7437054787529,19837.94306967748,321.5435511598295,80.0748077493067,78.3025763477158
tin_snack_depot_t3,1094.5428543897942,20987.766118570373,375.66193626610146,85.22346339302568,47.14639341660468,836.1661684967381,19115.785855635793,378.71847325572185,10.163538686349469,122.8624468384957
tin_snack_depot_t4,945.3299990548579,18706.974907738357,316.5866209364321,46.5099778660814,72.80194071159207,698.2066718396815,16874.17633148764,302.46950953057797,69.68981779663244,66.10444991710953
tin_snack_depot_t5,1155.6747171418497,23930.80677135227,350.6525483400239,64.01664192775716,129.36985055064474,790.9170031812513,19203.11493142233,228.40724076956238,32.22915472742701,81.72720986029255
tin_snowman_t1,471.59030012963,10674.957830582054,230.51409670865473,8.753749172719958,6.8362945394140535,571.5202135062283,9886.247950604484,158.0262946877391,9.933287128785242,18.643476226067094
tin_snowman_t2,490.06732834146544,10425.727561795364,224.86012662166578,10.866547580846621,12.70755436818148,493.3436845227949,9301.265436354402,119.38921771885217,3.363043698794293,24.776492009820508
tin_snowman_t3,401.6912980939653,9404.497205534011,165.95243455541907,7.423705877625382,18.081419905805827,559.7570559153285,8978.652417414125,116.81060430767737,11.12489203044265,6.680971767326756
tin_snowman_t4,465.59243493997064,11039.84152222452,150.80246747527642,5.65435060736683,4.74460870121983,578.1580788650822,10470.87444629019,140.72182705095057,13.884838948483164,3.083440141193599
tin_snowman_t5,507.14594168014423,10868.961940557814,123.75977951266216,13.007885718256137,9.506964174184677,578.9558438914522,10175.235415366375,99.33857209620437,20.1636134371097,0.0
tin_tea_t1,894.2127938261098,16296.192091496816,350.9701331739071,28.995447383433344,68.9191922793852,703.7996446314187,14073.5828976734,276.1564317224053,45.380370686020576,26.533938684237004
tin_tea_t2,787.5076177413878,15446.450629827881,230.23924635008063,30.63479087268017,69.37700557604549,651.4518872010651,14550.107496075503,298.6839746074036,21.30532865071128,59.837064451030464
tin_tea_t3,749.9307066472535,14870.288939058059,235.32922920876385,9.624148270484492,58.191520214529554,723.2969019310722,13744.558462386214,266.74480125416153,25.64942548194815,36.9635395226901
tin_tea_t4,811.2094261422249,12985.186803961837,321.05080893003264,97.29571321313317,57.94310875506254,599.5913491767991,10890.715228423938,270.7614372980406,48.041485175998126,57.29389237482542
tin_tea_t5,921.6829234959373,17566.415387279736,276.52545912856755,23.32745918470627,37.67885076579922,836.8800850363832,13763.609203728854,191.45955781104527,22.616089599894693,55.66965985243983
pvc_1_t1,367.3728679847681,5952.54702919153,122.83023712729239,0.0,14.030832141746089,311.7643107855838,4718.328119185647,86.77394272635831,0.0,2.8474796703225116
pvc_1_t2,326.38170980530816,5656.299524163291,142.26561449968946,3.6827660528466915,3.0707927722332546,291.1388880553748,5167.1221405296565,102.83179541893013,11.15273680167158,4.227266422472618
pvc_1_t3,316.4851192205483,5804.825467272772,94.98692157795612,6.361898270286048,4.418719532117972,329.37361095668297,5487.794248456375,122.7945132829993,9.895021142446517,2.6825645074070446
pvc_1_t4,310.9366203467052,5660.428701669548,131.2854306457928,9.26016257460024,12.105220811303216,233.47635101263026,4709.843450480198,76.3936098398604,2.023623685372357,2.3842229992389554
pvc_1_t5,284.41175773997264,5433.276550696245,92.28909749357977,2.6278749837083195,6.005312177952162,374.36996541608136,4861.860644900505,144.02567627653605,0.0,10.633704892301877
pvc_2_t1,379.9338606133189,5539.818168973616,162.98295074153134,0.0,7.16424542060129,445.4257027931084,5420.741456283273,168.87463142542805,2.168928604541883,2.2014905592348106
pvc_2_t2,407.14279481014654,6041.601681611199,152.91313647634536,0.0,9.115291283498895,420.33329214588866,5734.324654043525,224.1195552061468,7.853671385506527,8.404182672455645
pvc_2_t3,402.9221418689229,6341.1136480155965,153.71016877774633,6.260998373075115,11.685143073352002,344.9222893182378,5362.810742487528,188.5156098247168,12.581817263841714,15.347516936551765
pvc_2_t4,281.5136124823994,5571.514802329669,112.62921355055592,4.779679575948036,7.980550245079741,333.15740224262333,5570.928224168123,120.51894139976699,10.439305405363509,4.814236221125064
pvc_2_t5,355.7471497033399,5249.417833578823,153.19284210830142,0.0,5.298507475965002,502.1281566198469,5766.806621328715,259.74071215539163,0.0,13.346010630004661
pvc_3_t1,318.72653182519724,6483.240578935701,144.24643787851352,4.673506274010236,10.171154778384167,404.17313585435494,6396.097689935985,151.17349428759275,11.801217779385116,5.713579361506501
pvc_3_t2,311.84671399851123,7280.414592097717,169.3373942498416,10.001633684491392,22.072682481436217,411.0046766933962,6331.218995803996,157.1483807470288,0.0,21.32867895415564
pvc_3_t3,324.09515974346346,6590.4949915252655,150.82706560964397,0.0,2.6541887894420775,404.83308834686204,6064.93826861174,146.73899644134056,9.17652310979684,2.0419239760823613
pvc_3_t4,249.23888506913664,6108.657647701773,116.59394245196965,15.53672171856516,8.857666542549861,365.9348098933454,7005.33929796457,148.0024554410283,8.12047511651594,5.193119045266194
pvc_3_t5,315.911659755321,6717.517962640809,174.02479753229997,0.0,2.4062704757570375,502.0779275259733,6246.829159137777,159.0836455487346,0.0,8.228650898529422
pvc_4_t1,471.28556045113885,8310.308720517514,144.38544689342592,30.063616927073415,35.627226031849176,532.689286940253,8130.222040237847,171.124172054032,20.228670363803328,7.624635758097593
pvc_4_t2,345.78641056189036,7223.255496496257,81.97670062393102,4.3170239571544355,10.779557910036571,464.3368806307921,7872.165868854979,134.76297650538356,8.529334812088699,16.136173558884146
pvc_4_t3,490.43602948826333,8213.830615216462,167.4967821470381,27.9273364584741,26.856943407529176,563.094988952078,7516.67164682085,167.08885004512018,40.42527418095773,45.510761591432825
pvc_4_t4,357.2325702468093,7261.757365607712,134.84400640440927,3.1259632451454062,24.90080716862426,455.23108726686695,7815.498526752998,111.43364125666646,10.78813934898062,16.988830988753985
pvc_4_t5,428.75255830734557,7321.330254215892,143.99032348602333,5.7446618604155955,3.616277624851278,500.9285702918569,7629.599208958541,233.57886677111463,2.29163232871244,31.55380738699359
pvc_5_t1,387.02222025653714,9083.483717765526,112.0761796892016,21.483710141918685,55.4349009284384,482.56006395673677,9745.429178005572,137.06913698625198,11.525834123386241,52.46957841285711
pvc_5_t2,459.48136462467085,10261.316494120592,112.44405513697895,13.90560683869827,10.517510702437134,624.0503627382479,10468.123417990919,203.89107326751682,24.206236297351875,44.07835728573508
pvc_5_t3,449.3667220779082,10386.163169079158,100.39215877386897,13.46351755124379,24.353345776195734,571.3526651854578,9932.371962138937,157.0735327354832,0.0,27.171160898150692
pvc_5_t4,371.3121152300328,9165.37067233991,67.8314058530143,2.92555686323134,27.589085648049963,659.2725870028839,10261.67271287323,164.85158215064752,0.0,15.115644525444672
pvc_5_t5,440.77369417281744,10781.365387130934,106.96880194143199,4.509318477331136,47.034131842029694,583.5933883618522,10561.574445643791,198.63525218012296,10.951459705681078,18.629939953935057
smallstuffedanimal_bunny_t1,778.850563429389,12088.46305570123,224.3406993406147,0.0,16.180893997432612,790.8492029114735,11414.98092990849,277.96505399130274,2.3302903784936335,38.17425258006979
smallstuffedanimal_bunny_t2,552.4081313599212,9491.833358556201,212.80621190045696,0.0,31.157007676276695,700.0026408271584,9372.026386507916,181.12083363656106,10.30274954349577,62.9819044762773
smallstuffedanimal_bunny_t3,735.1925137012037,11651.560037242542,240.1871926148681,0.0,33.24667061043183,538.8714056545101,10196.302919432057,152.70921208959493,5.169800045922143,10.847964620064857
smallstuffedanimal_bunny_t4,736.3907767980735,13196.870416499984,238.69126570548508,13.16847328295405,49.19791994041027,725.8049779424739,12153.50501524936,176.89779977514902,30.15825188795675,45.154273081842426
smallstuffedanimal_bunny_t5,640.1341811899822,11269.107989820315,200.20142089057313,13.791243445704023,11.55142904796981,757.8315273466383,11091.380101976807,200.64283761434586,9.997010962904577,34.107262932597735
smallstuffedanimal_chick_t1,948.4350355131852,15755.73026448734,282.42151155090727,15.313853945611555,13.271912926954384,825.0607299634017,13736.537968773833,270.2108650473977,2.8096976296391754,18.6846675637341
smallstuffedanimal_chick_t2,716.5613916494697,12433.229386238645,240.1785095725879,9.010517761036986,8.224642731475264,634.1506684106174,11151.565530020662,109.80436480213356,47.62217863195618,18.640537324940084
smallstuffedanimal_chick_t3,832.2215669121692,14717.307033412395,319.9946080029624,7.990911617828177,15.739724644489813,653.8314454194411,12414.208970804908,168.50736615967378,3.4694048625088425,36.79752947582903
smallstuffedanimal_chick_t4,760.2988608330775,13860.351675649392,230.90128003144807,0.0,19.437851166811,807.5187908650117,12232.736098316653,258.3125109111067,28.485814906301446,32.78875808448432
smallstuffedanimal_chick_t5,738.0327496142675,13079.463663117524,148.29505256469608,16.61417138156956,70.88048797304894,567.6396928118503,11893.82190091251,162.5875811168536,28.290789356962225,24.58209147988177
smallstuffedanimal_headband_bear_t1,812.8923303247005,15122.844385643155,315.2963457029441,37.512911173428286,55.44209048638346,739.7136418811104,13132.25360564297,263.12520379641126,49.802335005116,71.8985709644484
smallstuffedanimal_headband_bear_t2,584.0549334547359,11848.097447269734,185.5341320759265,67.10738256703279,105.06253015234941,607.5917626065794,11752.502794550508,222.9503239113842,59.04789875161636,142.0314856106308
smallstuffedanimal_headband_bear_t3,731.273788426634,13454.752056900472,303.0537395687493,4.266239788753959,25.524009696783246,761.5875544284282,12188.245863060152,153.50857422977447,12.044270886172423,19.278369399589394
smallstuffedanimal_headband_bear_t4,704.9114593069584,12616.779992338053,305.8175670848935,42.91815529091444,141.98415361662146,575.626732434436,11822.52061793019,211.43566252780886,67.43976079360188,110.47805440723238
smallstuffedanimal_headband_bear_t5,635.9024825777468,11265.83046830285,107.7496552392679,26.46048537840059,26.083542721552618,702.2757499433935,11304.405045528036,115.38498739720029,6.84559068849676,62.246551188093186
smallstuffedanimal_moose_t1,678.0957868642129,10849.502240318807,148.23406411494886,26.81510113760357,66.61908171725989,568.6835910353208,9298.407386590921,134.29233603572277,36.44296992167241,49.25198720199821
smallstuffedanimal_moose_t2,684.2759321751637,11561.937724989471,137.7186762973281,53.57537294955979,26.32279094720442,650.516486103073,9894.751334520066,141.22310049239158,52.36646958312145,15.996519989074251
smallstuffedanimal_moose_t3,813.7422596335905,13986.552695103132,239.81059873019842,38.68573535839165,5.651696963232545,699.3940064160759,11436.902222205093,191.95964688595413,2.9250893353878955,64.1303043069005
smallstuffedanimal_moose_t4,586.8581703739319,10463.50407106117,173.6382018150216,32.316468969841026,49.5293087215915,643.1750235515278,10139.497732841122,116.24205130047936,33.75326210656008,68.04310493522013
smallstuffedanimal_moose_t5,620.5766920626044,11294.890782194501,210.03685410586016,14.019881927565496,17.783035151314596,575.4525352346785,9441.30982348688,152.16283128762217,19.309828415659204,54.96151790837442
smallstuffedanimal_otter_t1,491.38711282490146,8660.340202356294,64.991137432582,0.0,12.3050570253249,566.8245664734159,8985.053979471579,135.72088071087964,2.1009118996283496,2.5520116121291374
smallstuffedanimal_otter_t2,647.1319275517792,13625.98615435135,244.01374882289764,0.0,9.850053790891458,724.4281307976239,12162.47766309309,280.73327855748516,0.0,12.905875260994824
smallstuffedanimal_otter_t3,557.0852864055807,9393.064861362329,185.19838286851729,2.666146051888381,2.349162338877414,650.7288323645658,8493.095075014473,148.2839838505599,8.443785195398775,30.24778033978403
smallstuffedanimal_otter_t4,564.2648678946873,9284.831591508308,192.7658969983077,23.69785626053892,7.414123541453234,560.6382597082902,7702.433060693874,134.04769088958528,4.990648974542072,66.54055207499938
smallstuffedanimal_otter_t5,714.7349600340694,10310.49933033295,234.67557233058392,0.0,6.5373359090916345,717.0354504527862,10197.238759135389,184.3144975866669,2.9614599862230113,4.336893558144601
metal_mix_covered_cup_t1,243.86833457561724,6139.138622826058,92.21979298119886,10.042661526601698,20.56802557995236,469.5019556407546,7051.641090512657,223.20161347363552,10.016127001862728,11.546030891790236
metal_mix_covered_cup_t2,283.67101997537145,6081.222206056851,110.06109882941932,0.0,27.194864906088682,470.7235044696806,7087.7336991934935,218.63834119045285,3.1777485394536806,0.0
metal_mix_covered_cup_t3,280.284199014519,6373.781889828225,151.054787816691,11.194864937450902,4.227756919288308,393.8842538739811,6068.197466394408,142.38771841833028,11.1489030746397,18.61481095578741
metal_mix_covered_cup_t4,316.9911447580584,6010.258574951873,131.10892478419154,0.0,11.939082426897444,378.20935303643034,6436.209111138268,122.42067777098949,4.43777189421888,0.0
metal_mix_covered_cup_t5,280.73267814762863,5903.521761697733,82.93302804331803,2.268515113042009,12.262695766943821,444.15520077086916,6530.4456632764895,190.28028785945511,5.426893322347131,8.86419456252275
metal_tea_jar_t1,487.47980151947326,9658.896252063827,199.23010147401925,10.320542074738025,10.10609610057185,546.1266393101417,8602.102792116906,179.9741767299044,8.940436945796682,7.22187860409127
metal_tea_jar_t2,508.82305762074975,9364.046964927817,210.538543470448,12.716161029367566,4.742873926350217,625.8499342012351,9504.583362459254,241.82132940602523,10.802666985782892,2.0027566846973697
metal_tea_jar_t3,526.6445347929946,9256.207150417502,181.75081250205773,28.517832415402047,46.746840231349545,637.4259205651092,9267.007269323432,226.13317161432735,0.0,6.76486132530346
metal_tea_jar_t4,516.3306413836865,10761.122033927832,224.0989126109694,22.575487230728246,48.842611178343226,580.2205417971238,8975.328182259724,236.91385178485137,27.673049206896405,24.63333383296935
metal_tea_jar_t5,544.2544106026743,9797.870766928245,161.23815465530862,11.197980747010806,20.75150503481697,574.0661078369075,8803.200019772974,235.86212702379362,3.317508319507277,8.029963831119078
metal_thermos_t1,772.849822157703,12175.873239576038,291.98775164214493,7.211694750281113,6.172853596225384,704.8929463571234,10357.079738069055,180.2838297483162,2.4650114908454284,6.252081760243934
metal_thermos_t2,816.2500423534202,13042.329134096857,322.25670351078116,5.486060204573075,14.133005832429882,737.4497770371149,10655.840988521906,294.33479513551504,0.0,43.87722277712636
metal_thermos_t3,681.707230034776,11295.984450879372,253.68890683333984,6.489399100966011,27.4979060501476,695.4917989995587,10847.007502885323,232.40902593554443,0.0,33.877162089577965
metal_thermos_t4,792.2910888563849,11311.323975608617,344.0477926844729,5.112564411602114,45.524359018783365,593.7097280975566,10018.84907388068,245.87335325774063,6.664372555419215,19.15736248421873
metal_thermos_t5,790.5205165278104,11963.161592470467,285.0237806695125,7.2227793684988635,30.441420550213696,760.6308305451801,10930.069275095682,213.27130782500896,5.036547802703083,2.8266572627221715
metal_flower_cylinder_t1,478.26501882661785,8439.918012185724,175.3045761324822,24.482737857347445,35.21076954759278,404.8919715216858,9650.612720834932,199.62476000491404,19.25663414481817,44.08991438107426
metal_flower_cylinder_t2,630.7833170452923,11085.966125096533,330.00050191890267,15.70327568400474,9.252543203683022,421.8863671959069,8822.50523292911,248.46298102863446,8.55109905275061,48.40127745029608
metal_flower_cylinder_t3,520.9385423186583,9746.775579393052,249.05029283873054,0.0,52.620828872331415,485.07312032392355,8782.565045505975,178.43124816024357,11.072402883474673,18.46136605271879
metal_flower_cylinder_t4,703.3735402622094,10255.35795165064,249.38576347695496,13.359343656841856,39.34479610119835,442.37208541901657,9996.389722338763,226.93004704840249,20.73868351035794,43.963219297836645
metal_flower_cylinder_t5,520.5885417043102,10733.682047359329,258.36172972572047,15.855357874524856,61.42830652220062,568.7704039223019,11210.854870300482,304.34663601752993,11.232990422804068,53.32673785667459
metal_food_can_t1,451.3711877419416,10763.536603567352,147.65155025906688,13.71044850049882,11.68056305112767,588.6532404513066,11070.018896921336,161.38489853369742,16.87598247967369,0.0
metal_food_can_t2,667.6131577094596,11806.711325559356,208.1800557335787,9.088150950714427,16.84152392469646,720.2696073066628,11141.150608063088,173.67834945566722,6.98758484509868,26.688848269839763
metal_food_can_t3,610.2864727360238,11096.533417418797,165.98477853780088,25.72610370475949,37.422584495541884,509.8386590922901,10700.874898273667,142.54539370545828,42.795103368052715,63.9759044899629
metal_food_can_t4,380.69833711728126,9647.15550244073,109.59468927141474,0.0,21.157800504022113,519.7566203467001,10410.631612193076,159.09650813668978,4.279620502088424,0.0
metal_food_can_t5,433.1941785710231,9893.55096009578,139.44203477547993,9.72665652317087,63.89304285244112,619.591870446317,10430.44566760126,187.00565218071347,18.748458604895916,28.490428038758136
noodle_1_t1,446.2354162517956,7483.010307438397,176.91618378091925,12.472026898145053,57.60050432534682,430.96390098372393,7428.323286081194,134.04055395051785,27.98060875795898,69.568945130792
noodle_1_t2,506.43098900137625,9704.46110587139,129.27786717736234,22.799297501707255,16.808273778121436,510.95899040599215,8522.51571787559,153.84977325402855,10.532165899324745,20.344720038547585
noodle_1_t3,480.72163918230217,8737.583853892846,105.48226374914522,2.8015552038109117,10.871623292432538,465.62171204524816,8227.102724010849,113.06101363468788,0.0,11.491263033286625
noodle_1_t4,405.3531887694927,8561.132031993788,132.33561911847593,36.80402003866571,26.11314694563495,559.4955487148591,9424.78786035943,176.68954544866352,23.49917946817967,50.51983696148181
noodle_1_t5,423.0497785451535,8667.924846612237,114.84372904730452,14.455893813489276,28.360330523539496,483.27878246460097,8140.948152916658,118.10934090007683,7.127730567812194,28.037028228761212
noodle_2_t1,538.1700869953393,11374.768305747079,222.54062718478815,20.125098584201687,51.43489384546601,584.7228930895811,10673.847231895572,211.97380707051784,0.0,71.66599543487976
noodle_2_t2,455.0042506567788,9569.783162971855,72.28434616643587,4.150597881652725,18.83131011351854,517.2701300997473,9056.471708801217,74.69428311071522,2.475707615127441,13.54977370716081
noodle_2_t3,650.0774527028758,12310.559339246785,161.8233804991275,46.482550131384066,52.74386709642958,630.9471172404027,11234.070173263193,166.97672691137228,5.409260164252508,26.664489320606716
noodle_2_t4,485.635384272362,10981.61899016661,178.01857550319764,8.432148836932658,28.08700474689118,528.1287565631172,9663.779909542869,148.53436360341328,8.901946749655217,8.590524415391037
noodle_2_t5,518.7660623505217,10203.220662087457,203.23437976532514,0.0,34.180986589338595,518.0651677282614,8745.447843969461,174.24567042880778,20.701655100946493,6.559921901633861
noodle_3_t1,667.5298648580414,13796.399981609273,196.26294108881513,12.000129451288505,19.351982462869014,586.1846677778179,10961.1265389521,167.9735259846802,18.101733717473945,34.17000300382034
noodle_3_t2,707.5995575010564,14054.923185647876,169.04221341803992,35.92640154038736,38.84748565396379,750.5469490215352,12667.415187025019,174.64259293388994,11.429247444796548,42.80873967328969
noodle_3_t3,426.8375363380617,11616.779884580059,155.93124970432038,13.696760574954666,53.34723717334417,539.1246501746014,10669.079812995838,218.06370788832245,14.583352836666709,44.47121681595796
noodle_3_t4,639.7329503752161,11928.133309614443,197.54350855853227,21.911066896050897,51.74838823919,576.268113468331,10960.85298895403,238.34998544798916,36.147940757451714,20.62265769119938
noodle_3_t5,584.8437482997209,12757.161327902808,157.93627261492108,22.503157495136215,42.08396597080822,723.1726308623871,11875.2617284013,199.17059386494844,29.399353286464944,30.80544635086998
noodle_4_t1,452.40414515249205,11870.118303692456,187.77143502091175,29.13497191852212,62.41815768422259,485.2680549709468,11839.667075229288,184.6288410986052,31.876106556081034,36.095284893204486
noodle_4_t2,558.8626517360186,14452.762507047179,320.54592677057974,55.61938833311618,28.56983317291195,498.8996949213352,11579.753914342851,140.13110325318362,19.699669124893205,31.795449889925568
noodle_4_t3,544.5784018552745,11184.32904945502,179.68974021383823,16.692084489436056,49.49824785590618,510.65841178321693,10586.650287097335,200.91727292288877,22.365200135111564,21.557337342193915
noodle_4_t4,464.61755564534855,12779.34567012829,215.840355031941,18.911479734820986,44.058475309384455,538.9518060884861,12164.706373100864,207.31035098435265,34.12666723474969,32.96159709779599
noodle_4_t5,460.21849834516604,12479.718488972421,235.08257355152367,19.195405731965902,71.45347048088841,566.0546057581283,12363.62497439215,217.5399921598997,11.038063022568023,48.01224008092538
noodle_5_t1,431.84521663945173,14025.739831571738,227.64428272760202,28.542515907958023,46.42142615309571,432.5360225238277,11191.043729278616,168.05482766250702,42.37854906597599,64.22713228358829
noodle_5_t2,482.4918500396521,13448.156035918932,148.6087628503079,30.794597425368668,34.040805733557065,443.4044071263353,10005.018930511234,138.30021522151642,21.542954304848788,53.87174545915764
noodle_5_t3,449.76566774326585,12315.049255700544,177.30625898717665,61.694329727153026,79.11938608296053,440.56117818551417,11430.405058926784,209.60555491349058,54.873731794333956,66.69957094726894
noodle_5_t4,616.8696023811398,15368.99446697456,271.69034034258027,32.78936104655135,66.3869746999724,502.0096420375626,12854.979207686614,171.08015442923804,19.627750753789556,44.6501328505123
noodle_5_t5,514.4904242310126,13172.215205550921,185.126022215995,30.04456562071254,70.6555162721956,458.147364610712,11284.095342293353,149.59913730052835,25.2007690340579,34.519409728543
pasta_cremette_t1,538.60835444244,8967.125305819874,193.56039085057034,15.098420613216888,73.13167512036885,522.2826418351248,8174.00280232811,200.76992584596266,15.397749164045608,46.86444612133333
pasta_cremette_t2,486.3027492406847,10070.937621001207,195.4190984490512,60.465398235155206,100.79860271553278,538.4063690437168,8137.772323386116,196.5052375710466,100.22793830345651,63.474974559546
pasta_cremette_t3,569.2850913682789,9983.194625789774,235.65369331524232,33.502943554438495,57.206817449480575,602.7332533865734,8325.341723185702,184.6008306079982,42.170308525929194,60.94512790299375
pasta_cremette_t4,584.2517491996233,9550.88203542526,264.9151718876971,29.18817010646247,37.034755991192064,516.2093985432786,7922.426373338917,192.55089196983027,25.817639499836304,45.01973405818807
pasta_cremette_t5,347.94531200189454,8617.010402599843,208.77519472377196,32.28979347934461,86.96814706626907,514.3108382239162,9381.616764251605,175.8184845597795,24.50361240770254,43.7720130001732
pasta_macaroni_t1,488.41670803750355,9466.894583929803,205.4082075063271,0.0,14.71513074248209,539.3058439417343,8376.06091126202,246.58148555265612,2.1508900460971963,28.813031914628553
pasta_macaroni_t2,509.9445863772051,8393.18262652936,218.43887152556462,15.782954727888901,47.03652650096745,633.1358337282152,7925.598029677257,237.07609005192444,15.492271501514567,51.768599488032095
pasta_macaroni_t3,657.068759910735,9168.537865068996,268.92955978152645,23.242793793921113,37.01556965409651,600.3298932020285,8772.980874374121,225.7926906233253,15.737739639166646,37.53924368063733
pasta_macaroni_t4,531.1008044689365,8583.02629072337,239.03403232447837,4.630390252475167,37.13058578354654,488.80881731984755,7469.189135663064,187.8593461955549,3.0454077329645037,15.100425988807043
pasta_macaroni_t5,613.9024844278908,9111.121880925839,243.81423562526328,15.18143782863685,34.01196113118038,829.6805989161669,9415.65284204197,281.9398643252055,27.638658109206727,36.5140245406849
pasta_penne_t1,598.4218104666813,17617.20004015155,238.5936618182746,15.012461424716092,38.86648366402195,648.2615320225776,16918.20516712815,257.25750962006714,6.622031959780113,72.49768890244857
pasta_penne_t2,503.16867864754295,13160.249801050886,244.77271079992488,16.62696457718584,44.817866683138114,793.6990242748901,14144.450539893493,396.26171653929066,15.000441571458456,88.0873914027903
pasta_penne_t3,524.6770370578823,12885.814015178454,272.6589604960673,38.5421605498005,93.6822472555165,462.98803610064175,12281.76280365541,326.4325729630809,27.667869023662735,30.068927940547226
pasta_penne_t4,445.60053496666654,10960.4388375961,265.88639193373916,10.515300122498147,32.83344799956288,532.9474330534274,12218.507665557096,263.47071180078996,0.0,9.919431670277131
pasta_penne_t5,772.8827672878774,17564.357693561084,379.6382656204726,0.0,40.695640096851704,764.5245275573274,17097.631685508117,371.35850613206793,4.222180016748526,29.093458512401703
pasta_rotini_t1,763.2603937647976,16204.633322204634,365.23160279040775,13.719268309688587,60.33390424723073,875.9165686819362,16973.408753768803,332.7877474915145,64.85848580667283,52.73941596950609
pasta_rotini_t2,572.0539809045533,20652.672732099996,303.6148809745546,47.26213666371724,57.595834518235044,670.1796689501351,17773.92048946136,304.8829099515608,4.907608322240348,97.63453833916618
pasta_rotini_t3,732.0896404430126,20343.756920983644,276.9904690109969,24.915477453884414,109.39796810539593,827.7719950425901,19437.788654871707,234.97934220396218,40.58952527750896,133.8660307578725
pasta_rotini_t4,607.0975408027629,17432.877422709014,255.66502664213957,20.1266029769299,83.06049148272264,665.8565985644063,16455.9811380529,317.3459119129135,19.14044742755828,69.40325865084542
pasta_rotini_t5,797.3103800147392,21596.293738373468,410.6698625989211,2.798151225362918,85.09482898698727,842.8685752750426,18795.452768625804,350.28167171364544,11.710323018069786,95.62396589779641
egg_rough_styrofoam_t1,425.6141555584133,7271.5270638447255,130.56321284835707,0.0,5.311238757160902,443.9898925060375,6697.414817588353,213.3647767686403,0.0,15.84771053396581
egg_rough_styrofoam_t2,255.42901662872416,5399.368148098797,106.63651407040709,23.079908187831222,2.875419447663245,302.88798061782825,4964.776497662922,90.34342616743403,7.023118251160058,0.0
egg_rough_styrofoam_t3,239.1772042729354,5849.618773072576,87.70131627695632,21.301467689765932,8.782896831080361,314.8064083661572,5083.097013431122,114.18444592571709,15.536923242635174,7.067238296934416
egg_rough_styrofoam_t4,422.39591636967305,7657.910999458269,169.77926210825385,2.1691430681262127,2.007201682965616,447.6639017721137,6789.001149451963,190.6140665709963,0.0,5.40119546410515
egg_rough_styrofoam_t5,286.8586822007635,6076.442479834021,134.16174023080137,6.094550690063362,16.28087421913812,401.7420700552582,6334.790218688469,168.0927826264192,17.80052478426148,5.477273371159523
egg_smooth_styrofoam_t1,294.6236507602097,5047.86934426797,103.09224454304075,3.18879924893368,3.64867356350784,335.1068374224044,4983.045784595682,134.67683377212543,4.4119356848728675,14.261545556181618
egg_smooth_styrofoam_t2,377.63362389821094,6479.261882175825,195.89464551513043,0.0,56.55538631607987,511.7327823810085,6715.8605624802,222.49780092996144,7.398782660046148,11.126371179568862
egg_smooth_styrofoam_t3,317.0451241228638,5751.680763683231,117.90992973740813,0.0,6.429692786234211,436.2780043618922,5661.56272790477,224.94959146398634,0.0,5.464420699047151
egg_smooth_styrofoam_t4,275.68508083467145,6273.371516167057,115.8509602722697,0.0,20.99120204970584,409.656224403631,6675.153600181583,175.908329806863,10.343344189364394,8.237798945461359
egg_smooth_styrofoam_t5,262.31746180580876,6031.520729601037,103.75671447822118,6.878037698603939,9.276114385888096,415.23015259068745,6631.156212541279,156.05592732254485,15.776177967262939,11.196913315333882
egg_wood_t1,292.67477447192437,6534.881315703283,125.8446897053529,12.584753066796205,12.425461498393592,399.4116886266107,6696.2661531913855,139.03588331472122,13.23586957029223,23.111797664415473
egg_wood_t2,406.072914830273,7763.79108517081,132.24444675879286,0.0,9.155414703856694,379.50774968016503,6703.436992638635,132.70961636249498,7.926434168833742,3.111945476707457
egg_wood_t3,339.4223705846648,6248.770902774885,169.00350817935976,0.0,0.0,486.443502889514,6612.708090742636,229.07567406691012,0.0,19.258168942382227
egg_wood_t4,254.01142326532062,5826.2382649375295,145.89824018738219,2.241703479499463,15.33097101219812,459.1628985277126,6602.62212035595,217.561210931402,10.196376012588654,23.4242455570289
egg_wood_t5,275.8374617799228,6401.489438344969,174.1531767537196,11.3346876127375,35.68580222688501,423.8580063978272,6608.29018766288,163.51695983563337,7.395308069683221,4.395172124328635
medicine_ampicillin_t1,299.7656459116688,5665.947327417141,93.07517985718926,0.0,22.30965595551679,348.964732496199,5203.317139296094,83.55362029593684,20.475614551417447,9.03863315063904
medicine_ampicillin_t2,353.04047824275455,5149.7023890286,146.84575264076778,2.427887322344264,7.4234538878574385,336.41779287554505,4358.28035148159,81.9395570038275,10.957079867931782,8.966707735501112
medicine_ampicillin_t3,219.0761491149471,4777.894092092838,88.82442513543958,4.14043425783429,2.2561297646458636,359.06753298741063,4942.949928041348,114.28760718118805,0.0,10.50986254771413
medicine_ampicillin_t4,394.077530456137,5137.812281476127,142.67643890236513,0.0,2.030254521507094,470.0769556547457,5040.414618718984,224.61502278721372,13.506857965614392,12.382917074552736
medicine_ampicillin_t5,312.12169122784525,6388.933684071305,147.637769974917,5.990470528081017,6.883613038052408,326.6565296972623,5640.21690106851,89.99870807585064,7.9657160775786595,9.457248146745265
medicine_aspirin_t1,407.66993713307346,6077.012130602695,103.6034984105051,0.0,11.331699895842002,428.8349895668532,5311.050354204626,159.73503562780684,0.0,9.504694047984293
medicine_aspirin_t2,396.21107301232956,5948.7546903217335,140.2584102905962,4.736939714191967,2.416593008121144,327.3416883810339,4522.918287318714,97.63105727799008,4.361965488511723,4.837866913362101
medicine_aspirin_t3,337.3623720707882,5135.314435568739,81.92194408754989,4.810787744639664,7.476118501751092,357.5377368278992,4881.076478014153,116.382176453548,18.69110954927593,9.694010522485994
medicine_aspirin_t4,342.6218625540923,4336.464823525105,168.7991568143992,0.0,0.0,434.0454445256277,4026.507580400737,150.95695386980276,0.0,2.3891481715456666
medicine_aspirin_t5,389.61568723645644,6161.064908913244,108.19973613954654,0.0,2.022226251935228,445.55357792610556,4944.867838810331,155.40794806385804,2.204763563287456,10.565303987980617
medicine_bilberry_extract_t1,415.44481742898284,5599.524112180778,82.35284022192103,4.327193523216075,19.6182505918895,414.1869471371296,5036.120269329376,124.475126277265,15.28143465432224,12.353547323026538
medicine_bilberry_extract_t2,481.9886052334962,6856.522712243239,146.6447260373502,6.527851368871603,9.277644234335735,487.21296990320235,5982.84927675978,148.59955132172288,0.0,23.630256048288683
medicine_bilberry_extract_t3,442.2067671137606,6621.337541187646,170.63693112818015,2.0103648843928807,6.6139675010935965,443.840020453273,6046.922726219029,130.56909363094786,2.0298560761788016,6.564253260883605
medicine_bilberry_extract_t4,392.715819750456,6224.947361486307,119.25714361007631,11.04272790550287,15.021152050949027,369.77953216496877,5005.520718124657,109.27976883172812,11.502993085133761,2.1074114183993595
medicine_bilberry_extract_t5,523.9257614743364,6255.414584342614,125.16318578563255,0.0,19.935563517719103,440.456244654542,5066.022058138771,140.20546115432867,16.010790771638202,0.0
medicine_calcium_t1,395.6310515877498,5590.104132039628,123.41884457523157,4.207808193241489,21.833916552139975,456.3813784802605,4944.836893387221,97.51150282786315,8.809289638829341,27.537833084549458
medicine_calcium_t2,288.01012112683003,5346.3020817312,103.26856480270422,4.917713987912685,22.11226048637194,402.92600983031014,4787.448180283028,115.12607965063837,25.87806112993295,16.594053944519555
medicine_calcium_t3,408.07390374691795,5967.39208559857,142.0813996730591,15.306573840668735,28.820057468979122,423.8326689419765,5567.4069054556185,141.0591899207063,13.070748348827,28.16244077849164
medicine_calcium_t4,412.0776821404347,5646.801944311517,101.27539589738504,2.6965391467583033,2.1683881369348983,432.9644143065705,5073.30157858786,115.02057361973519,6.576056589512774,14.863410966528777
medicine_calcium_t5,379.04113098446885,5327.216476600076,108.8583646440618,0.0,0.0,400.84048609905204,5092.994829954018,166.45285108722226,2.4318206512816687,25.339267514080476
medicine_flaxseed_oil_t1,609.5908851650516,8513.4221212015,203.40798476561795,7.520190473822117,26.43571242768652,528.5941240387926,7596.432512689372,149.17989173585212,4.783848621962015,29.250649987328522
medicine_flaxseed_oil_t2,474.97771503341767,7313.159246768687,182.23071190373486,20.43817237575169,23.191463737606256,581.5167568263497,6867.898348365915,209.50847479962263,17.558152846863024,70.20597628832488
medicine_flaxseed_oil_t3,531.556024382033,8444.188546517455,146.9724064219473,25.934785972381693,26.12976497642006,478.10514129065245,7665.631447256433,154.87101620271383,2.309124098007727,47.12040366681891
medicine_flaxseed_oil_t4,505.92877949551814,8192.71037864809,125.96021873937408,27.889785619331043,22.458944138953058,485.49051222386527,6903.506013920719,84.4475492458065,10.859053304663696,29.24624096115828
medicine_flaxseed_oil_t5,533.7185029474796,7797.592017405097,189.65147559472226,5.7674782866697605,29.553945311830212,580.2798173602985,7574.236688542998,205.27915705628902,6.559215947270836,8.642173283354447
pasta_pipette_t1,721.340388221632,14547.005270014244,333.5929913076094,57.077851357924686,99.15954147798286,681.8974811966125,13610.532154977456,255.92063432599664,105.70465336622945,131.30034036213783
pasta_pipette_t2,1065.692079883363,16568.626959768157,521.0935397087425,54.96613425812344,109.14418226237001,872.7080371482324,15613.55668017366,410.3269136264271,103.29442976000735,93.31115051667275
pasta_pipette_t3,889.47291819058,16181.933902626075,373.28943772455966,121.94000152464815,131.64978949138805,689.7090116468048,12789.568466566403,373.7111448613388,38.14355208954553,105.24252011825827
pasta_pipette_t4,555.5199338395838,14028.146179254541,241.42514152977535,58.64679369080763,83.8558180524827,651.1207493246345,11492.47838827446,228.45561488315965,66.03772413526197,72.9147680158742
pasta_pipette_t5,872.6100426014399,15581.734479376935,340.2725121731364,32.886409850268365,142.38025513628972,718.2516508117344,14077.535798422816,336.03635853435117,84.14122365000756,108.46269803721478
cup_paper_green_t1,603.0375343101562,11009.28751752991,195.68069176015655,21.2601435062976,24.720393655476993,510.318012491366,9535.76915138569,141.72963441638885,23.24194712467913,17.777147619499626
cup_paper_green_t2,552.7017799169597,9421.918231464313,171.5919575631286,4.540337465332513,8.610866805021008,498.5298985464787,8193.788886366603,189.9808555193011,25.464274307278806,30.422666107690674
cup_paper_green_t3,600.7214890397513,10196.510704737833,208.39226510762526,22.68413905657762,24.333024801084882,496.3355602156847,9023.267136691133,173.720730668282,30.415077626586452,18.70691199054948
cup_paper_green_t4,620.7604712587496,9782.856912807274,231.8138989483457,17.204581677047962,29.50098644966316,549.1342014373588,8629.2687887129,228.16921988624298,21.51835853930405,19.490292794143627
cup_paper_green_t5,600.2464324453921,10039.643983902573,175.40097629179402,6.439898065187057,19.436209059258424,511.35486838250677,8994.538101801572,181.92326003317422,7.627233500791984,9.8207205448283
cup_yellow_t1,376.0549876535533,8206.668637900333,129.42872324434143,4.86324579754206,7.910898231686508,413.21417931037587,8037.313580588134,145.74764585715806,10.94026195175061,6.755227174643846
cup_yellow_t2,347.2935338527221,7362.184177504901,196.803440496292,4.073377634414555,10.765105926084253,512.0407031723067,7360.969502895037,253.82035828348444,0.0,7.998655266688252
cup_yellow_t3,406.5677618143773,8815.69311462793,130.12285853008785,0.0,4.1730981089962995,431.39389942863505,7724.3486511746705,116.73239744888502,0.0,2.015980964691879
cup_yellow_t4,385.2342561570747,6848.493325480397,152.73627632135114,0.0,19.74436351759927,520.8165015297118,7136.670492880487,217.94443500093615,8.779984753808186,16.257177278093923
cup_yellow_t5,317.1059877338697,7561.030413176061,130.1006537232459,2.350035147481841,11.641458596033006,421.10306459793543,6502.2415096976665,128.44739986643518,3.1746425468074357,23.46986179638666
cup_blue_t1,554.0716082666818,8277.807243406907,186.38855692537888,12.030265836083013,12.708604552096345,448.66711177135653,6788.556951622232,120.19205998202688,6.356537400400843,4.894408865226604
cup_blue_t2,494.55484122549285,8336.151130987057,171.39124936978467,14.013116090770016,10.261113132200743,531.3654937073967,7878.545217345767,184.48714083660576,0.0,26.173104943471543
cup_blue_t3,434.45390511168983,8665.229785578767,165.18652912534162,14.138040571348263,13.009996986761507,455.1504011003928,7723.335065454365,157.63012989214678,17.129245813500795,12.50501351958633
cup_blue_t4,431.6769885785269,7180.888547124369,162.136947178339,7.819069929941337,5.635211760025159,430.2874937137932,7184.358941029648,129.29636255425152,0.0,2.450226589521875
cup_blue_t5,531.6505603437004,8604.990091021573,161.03368537505472,19.518674867673287,18.790192706871892,499.6442555123128,7140.741406413273,166.21472519780798,9.94366976873918,16.96892660691235
cup_isu_t1,425.3611732256383,7525.862548681926,176.3099994765368,5.0514230422718605,26.24745380856098,596.1526098334883,7725.514559298689,135.30733785835417,37.55437709436138,38.62569194482285
cup_isu_t2,536.5907198933002,8536.38686396463,247.19309420925913,0.0,7.9846571656170156,651.8057923867373,8321.38821710505,230.40972214343122,8.493901919344797,4.315514947730057
cup_isu_t3,509.373076728454,7654.197868281084,146.05407425050356,34.60287160193545,24.83994130491028,501.9907088988489,6995.942588911034,91.88166591021294,36.81784937561147,55.365268282102996
cup_isu_t4,472.8338163086899,7901.551411501664,122.7876597534224,9.957387310041788,32.828788777271065,688.6987660465038,8575.825683620315,222.22707960519358,18.202689886207413,15.822962228196161
cup_isu_t5,492.526078927793,6629.110713225502,178.31015814458445,11.062526073767646,39.13098942113801,450.15455991992235,5747.777129026511,162.98471878271687,18.804068048563646,12.904443441195395
cup_metal_t1,416.0167353826618,7925.654466004704,151.22632060138903,0.0,4.3097591612721615,439.6608019531004,7627.308566648676,152.24336009390535,0.0,2.1888317963708404
cup_metal_t2,498.43885091378826,6295.834247981663,249.06350212546,4.458248324459548,19.063789234727302,453.75792734920685,6332.160045963918,193.43837687860375,8.165637849924341,0.0
cup_metal_t3,527.1418267646034,8016.862262301769,135.83995595057868,18.869882777943427,0.0,514.1397564615421,7311.820670986996,137.90819736368175,6.661614071003964,13.441326201427895
cup_metal_t4,510.00479972775224,7390.0750428336905,251.2763901982653,6.286922097305737,28.782850521182368,455.56576843526886,6387.4346315071925,195.24403297971833,2.41644960750271,11.654865801853097
cup_metal_t5,380.37476171099496,7251.2854424682455,138.3887989056019,0.0,6.477966757733389,474.49576375152577,7186.280651910451,134.91267594463338,4.438937656614312,6.374859961271751
eggcoloringcup_blue_t1,265.8746067963751,6237.569544351838,116.95166827506384,2.2352491225811946,2.882808239009317,318.52963270641806,5201.491150101855,154.79832010459918,13.59874780753465,0.0
eggcoloringcup_blue_t2,243.8445021204927,5597.480406663526,138.88602117977578,7.051823728277068,9.174115183388679,377.7713603973464,5418.380903674096,148.39868522168416,2.1197933153965742,6.042221874544673
eggcoloringcup_blue_t3,364.3910851302003,7604.881755637196,176.61469213956218,0.0,19.812651614898822,399.529760111448,6639.493794684025,199.477821070207,4.064969213433601,6.574787897393223
eggcoloringcup_blue_t4,375.1219123743752,6173.712069324804,161.15979947416616,0.0,5.208454229123028,406.64743803301366,5689.056394704854,227.45148044883288,4.785697184702756,19.824708915100867
eggcoloringcup_blue_t5,340.3443279053303,6310.350788044386,140.1406987355836,4.472092174181164,7.16195952623327,280.94021802151804,5367.096963024611,122.55306791068351,6.723179328116199,2.103132363499739
eggcoloringcup_green_t1,341.53213425684964,6910.018408155572,161.11443697968176,4.4255353308152845,22.05124544232013,364.65205944094123,6207.390257525926,112.24013249325108,6.094968015741227,10.016323346535653
eggcoloringcup_green_t2,293.66543987957334,6077.086958027973,131.06271184063942,0.0,2.23287908315699,441.0055971226813,6660.883388428342,159.74104788853293,0.0,10.896961692367828
eggcoloringcup_green_t3,249.429063394945,5279.211347794464,106.07276049444563,2.4968263776242035,5.161218047336672,405.1823963955945,5039.833337594357,153.80273223005662,6.32381339882679,9.287633207872705
eggcoloringcup_green_t4,349.62702837005537,6792.302471257756,141.45292378021225,0.0,2.010128955962776,343.9756080264304,6064.858251884728,150.59912942925587,0.0,0.0
eggcoloringcup_green_t5,306.57660640285087,6025.745779035467,112.98106880541702,0.0,19.308926294175492,341.3017717249897,5722.957885686372,193.51872219836446,0.0,9.336046473899792
eggcoloringcup_orange_t1,293.3800243404001,5264.617489366472,97.92639897109652,0.0,5.1930289143744,470.8765227891323,5479.832444305636,138.86763358586603,0.0,17.88950978399232
eggcoloringcup_orange_t2,314.9086321060142,6169.73748467173,111.36319881578893,0.0,8.758517653029363,344.06902533973937,5627.701234938188,129.81020144977472,26.78977282866989,12.276513390842775
eggcoloringcup_orange_t3,294.13219411216494,4986.5057971285905,108.11988615698455,4.988899033763442,29.471496402912372,333.1303134995071,5473.28410730772,186.8924403574101,19.15544479043694,7.756181142008175
eggcoloringcup_orange_t4,300.5548861463491,5285.246617401974,67.56624707674598,2.802571692214135,10.498288780116129,398.28668577045175,5440.076402199182,118.06626635051117,0.0,2.850095198480219
eggcoloringcup_orange_t5,265.8636521908155,5650.0829163322705,89.24184846747096,0.0,18.662760104561784,320.5782285488491,5712.9604244110915,75.24459632685284,2.480133103282967,11.808025573282027
eggcoloringcup_pink_t1,260.2634813505886,6300.606443319244,105.44766982142802,0.0,53.270767997212225,428.538325276462,6569.349147599841,133.91269878807833,33.11375975730627,4.17946001637573
eggcoloringcup_pink_t2,268.6527892551244,5982.363021891374,83.36542249674979,16.102446662511976,25.80343502210194,459.6154131523562,5797.299237598943,195.9747275606511,4.16386028976721,30.027213010872106
eggcoloringcup_pink_t3,335.8347507588239,7133.510183565204,132.30440739708706,2.3475445890546998,57.05413838865211,402.1984314917694,6743.476006320427,159.7317019990694,16.61831072070691,6.410470667196169
eggcoloringcup_pink_t4,261.16507232719283,5333.693591851976,73.59315652799056,23.395556900225344,19.7744106771032,405.9756096378193,4726.549007679715,96.16971609520928,11.057014739032994,8.550659967146679
eggcoloringcup_pink_t5,322.18936502342547,6625.524574561294,102.9821858806209,4.1456118969339135,7.390382362425417,417.870416343552,6770.461311544255,156.88057145106637,0.0,10.464698857591927
eggcoloringcup_yellow_t1,357.54272877645,6990.632794512412,100.46009566061551,7.166111742832962,50.28066461396659,368.23015597498426,6798.922805033743,142.73912998704068,37.57036231593201,0.0
eggcoloringcup_yellow_t2,311.93158317129837,6426.247185962658,68.71399573188782,4.284064539795462,6.531063095631577,308.2905174558682,6372.626280781308,104.69753525257478,0.0,12.765399017561077
eggcoloringcup_yellow_t3,322.0354573483655,5905.057441495009,103.9140983061917,7.451819519078519,7.4860190285542405,334.940222762183,5870.880570366813,125.36013457741214,0.0,14.727054908729658
eggcoloringcup_yellow_t4,359.797740202585,7219.188708821625,178.42548355657345,0.0,2.204302212696798,475.1510564641386,6387.961926244441,183.75561983250523,0.0,6.517422300238514
eggcoloringcup_yellow_t5,301.7247084945305,5689.581472830824,122.51020623771569,6.694775422851555,9.582148260946745,307.27693880923755,5689.3505701714075,104.32113587319799,8.04831704683735,2.9453472885213383
egg_cardboard_t1,401.1053602024557,6273.339755640411,137.93553981655145,2.3644703973617434,0.0,449.89404923925576,5495.35775315287,98.3055520972067,4.785341946326803,27.101706327825728
egg_cardboard_t2,412.07222656898597,5539.866793757488,220.87761778039192,2.9239076968331266,3.1021877885776035,440.6689515900683,5364.633985181218,262.3854973733894,2.09186765594767,9.62104571659752
egg_cardboard_t3,322.21590915216217,5731.201048841905,159.3723859315084,0.0,29.305389853215683,404.77283254524644,5611.92373960374,151.01887201556767,8.499218791968925,7.037722063101837
egg_cardboard_t4,252.66803525973506,5992.793963271539,127.14287305557438,0.0,21.309475257255617,352.3723334104323,6451.248916243289,162.8745016774996,2.0460398749780024,6.300402974812647
egg_cardboard_t5,218.95759874183383,5372.877449926421,89.49639250823424,2.5674780797506336,23.17640558220512,408.22442949581375,5660.894797006892,119.55603547811963,7.665813460708224,17.558082444467317
egg_plastic_wrap_t1,483.8391117821658,6437.077974436066,246.6218564533564,6.423111156842703,7.590569470373847,493.3428324571675,5707.941410650438,216.12499466549855,0.0,14.13869919819342
egg_plastic_wrap_t2,332.86013803898453,6001.474507367405,106.62958790889506,0.0,0.0,426.1505713613462,6346.56864740633,139.4596308649848,6.264922188916971,4.454070752733508
egg_plastic_wrap_t3,455.39555748549947,6535.026116002153,172.61058912582934,0.0,6.502420633122737,437.84746674640377,5486.484678965492,181.25683726081164,0.0,17.338001817780693
egg_plastic_wrap_t4,337.40393679713384,6150.405229828327,116.48314196701546,0.0,2.8355666135712627,435.39365484313254,6395.381746187893,168.08331475979594,2.7234893500801505,9.034863835208983
egg_plastic_wrap_t5,479.95516448319324,6621.458991589222,183.181732774384,0.0,6.319745152252325,520.3594414804975,6025.581323282794,161.01975378835172,0.0,2.0774156951534977
can_arizona_t1,620.3399175471997,11953.465918072678,265.1542874302476,10.52680793641979,22.374287131241772,746.9738610823247,12855.671185361422,316.40919704549435,30.16970967230075,61.167238594419565
can_arizona_t2,742.6014146262665,10661.706291611205,264.66142134902395,3.130174827385844,14.613291236390362,692.2878860682423,8477.70736866319,259.53898959839,2.0119000894676655,33.067283193540305
can_arizona_t3,487.9073213717914,10085.715302635439,218.25061664563148,16.497818928624508,43.81376369905388,512.2071420441101,8448.36539209628,169.85086699549606,25.859749964457908,42.89228253585186
can_arizona_t4,710.2049681119283,11410.52131277551,239.5258804304788,18.28551266171607,49.2539288138308,678.2590301895954,11389.030839930467,268.1502991354592,13.264954126557669,37.902493396603234
can_arizona_t5,579.4036062732041,9753.806928871116,196.3103046362966,0.0,7.949816728782713,515.5084329332856,8885.461073552255,131.22505242157897,19.863509207844405,8.182030701413098
can_coke_t1,474.7380187129567,7656.675294929369,143.24479102513948,0.0,5.468508710339076,523.2858629454489,6849.378710306856,158.53232982358307,2.3550416248762995,0.0
can_coke_t2,479.01673996412353,7310.287124480906,198.6701707493301,9.818210546764831,16.60494127977646,455.97135078448514,6683.840135355674,164.86244768469027,8.159355561826366,5.268720024497389
can_coke_t3,485.2777474837862,6770.453750854618,137.96565882834963,13.014532298708993,9.852347039013797,475.99339051216964,5868.273356616626,133.25700621874992,18.94337896909975,5.384760743827005
can_coke_t4,602.1864170372239,7648.529248721341,130.9493717202104,0.0,15.107475705965761,540.412974383108,6645.557541788741,111.08714917816835,2.527402734033498,6.960782969486646
can_coke_t5,464.70707885231093,7057.215694042398,146.99816950117958,2.066729014650929,11.239613371150474,544.2013776969058,6526.510860628178,135.73946845775197,0.0,2.059585601522792
can_red_bull_large_t1,478.293242620569,6431.038638802864,171.96231701260112,25.962428599443736,33.02079060962045,516.1975510321118,5806.78507775976,114.39916532903048,2.3180396369346234,8.766035833729603
can_red_bull_large_t2,489.25705346642667,5567.744202929468,213.18198462132878,6.229726851148165,35.276372498124736,555.0002468649816,5293.165848275477,215.1694240978123,12.86077739558301,32.36457985536881
can_red_bull_large_t3,537.8101734296083,7515.977323324299,137.86757091135982,0.0,7.24588953259569,618.0023342765359,7057.034432913168,111.67739845465299,16.588030111478627,4.177239769448812
can_red_bull_large_t4,550.0374010996844,8575.739867046386,205.5927177958617,2.076753333932559,21.201127759455524,550.8433269237762,6736.857558122272,151.08505564574617,10.621862650430357,10.093148171191249
can_red_bull_large_t5,584.9706792860206,8386.524503086523,199.27008761313346,7.663922287030818,21.339962161576167,628.3091208729267,6830.77705802274,161.3778415950707,7.086658588493405,9.496522089026865
can_red_bull_small_t1,429.15524861517696,6810.953067350319,131.63921678711597,2.1017145595917635,3.0151086896495127,464.49995083461255,6075.778710459559,174.75357230225828,7.883701697244032,4.5966150366216425
can_red_bull_small_t2,468.7255780107489,6399.601955346011,144.8500721822583,0.0,14.08291794469394,344.27099659230953,6137.652112553562,147.68016426827842,13.180109311460239,30.926385573973263
can_red_bull_small_t3,443.1345725540563,6105.211684041933,163.37023113067798,10.720408578752991,20.08217104302266,429.70515345401446,5874.6409215480735,146.25754673374215,0.0,11.813163227370584
can_red_bull_small_t4,510.86983651461844,6778.083516806826,190.28575494249677,2.5580680730582603,14.063681215009218,393.8729024073538,5562.147396758765,170.38144734765683,6.065701194915713,6.4742676364689
can_red_bull_small_t5,479.48880813332136,6557.265978153921,194.57202547804664,2.0367832604378897,6.019498948854633,473.21045957636267,6105.77278761335,148.37841313831294,5.054212070544073,2.5641019344012044
can_starbucks_t1,624.8890986087488,9573.314403642478,315.9559144770834,13.27181970998258,21.181863319997788,722.0117969273762,8744.735668559022,306.1724756350137,13.47970214318676,13.781476785456164
can_starbucks_t2,538.4426215894691,8592.72093855057,194.10752812547184,2.571578357740631,0.0,579.566764634836,7953.553022555417,155.53199634759721,0.0,6.13610270868889
can_starbucks_t3,530.8684599526625,8753.727062881975,198.99956592875213,14.632502900557398,9.95226917003195,513.6751260729317,7570.176872731461,148.92841983261079,9.473544445058689,17.155601492099862
can_starbucks_t4,505.9465878437932,8987.846439687923,182.28967852216303,6.830864585900948,14.02493208049661,553.3707217821712,7683.254885851183,196.53522877232004,2.559888703850228,6.477997722035045
can_starbucks_t5,620.0760383378334,8594.670327628766,252.52111326611802,0.0,2.171508709261835,569.7130835110429,7531.069821047039,247.47168025119566,8.372939935000339,2.6102851721603137
cone_1_t1,416.05356910913775,7380.5794233197075,140.0940550497519,21.877110746224837,10.324453558732735,464.565214750867,6466.161075496243,120.44568591250757,0.0,12.705838634937846
cone_1_t2,395.4814987079422,5978.137008356979,146.44004323525306,2.646921657321954,0.0,475.25258113148186,5443.304545819865,113.34296489906797,0.0,22.195977540293505
cone_1_t3,350.91344352721,6699.134216085363,153.87748488584927,16.78471181184648,23.5790222291334,412.71630117227807,5938.824659081492,132.90786624506703,12.054880742243933,40.7099294916632
cone_1_t4,494.8004620543834,6851.651108577163,175.44162204817414,4.302471428490298,12.22141684322492,521.9266206726858,5950.461502922606,121.22338630653105,10.240907207228739,31.814334286706384
cone_1_t5,395.851583595921,6764.614660985696,103.20554500242523,14.520299571017407,27.904137834840327,448.82998784774713,6090.662752544994,158.49206750511976,22.181980456605643,27.162856700313966
cone_2_t1,481.5833804193884,8306.855173483631,271.22660770917406,8.445524923891492,10.303963272245404,526.425613267633,7534.2575942447365,209.3275380895161,4.2969514869561625,33.55354818814752
cone_2_t2,456.2648803840773,8625.105447232454,159.0125789155011,19.34341569581729,2.5013184783229825,467.27663342475785,7229.845372310176,140.36805247801234,14.574022765224619,30.32576965412739
cone_2_t3,521.6244313959031,8585.553721920674,209.3090818293783,9.133893636272873,6.3278367334356815,547.6852228598601,7762.775893626925,231.09237380548586,2.9568900433394547,20.18713476659355
cone_2_t4,490.24157877174514,8145.677475740136,151.31632822561662,17.040357960461847,41.57179264115014,462.4921157880711,7159.182057344961,131.93154502062427,5.285588123885064,11.216632538736757
cone_2_t5,595.8211547441005,8125.705846294975,204.68975134558661,0.0,4.119035011516654,555.5774739904388,7510.054484284415,282.5768458466886,2.0330504420697486,24.532350125487906
cone_3_t1,571.2300823931567,14374.475415880534,181.2477287631022,36.56248966691614,38.253680321513784,616.4363560468432,13468.976109642572,234.37191449950512,31.998281593871997,41.98251894284568
cone_3_t2,472.9133639646253,12365.888603910076,170.0151609988165,2.0899681935378824,9.094062422097936,583.2688407108029,11454.108567000445,239.88932942933826,4.470762893511576,53.84121736123467
cone_3_t3,681.9142652678767,15757.44562856565,291.5584693921614,37.487272823357515,32.35285847499151,557.5965164243161,13667.43371789952,311.14761503710764,8.856625192341427,64.96204168529466
cone_3_t4,424.29719814815354,13166.693489556284,199.59981733875537,0.0,24.432027691182,564.3392585300259,13715.003628511267,170.83239195153902,23.48976433806407,46.681103394560424
cone_3_t5,642.2116792027277,14915.701618251696,293.4116467185475,0.0,36.417005159554876,656.1817195849939,13949.184378601238,238.82202231051855,5.614180561756096,43.733827021417426
cone_4_t1,524.3659145346979,17040.140858476192,260.7681651726282,2.1586158921864724,23.21146733112205,596.4892494761457,16529.784961233545,271.53310471742395,15.899341751533372,40.806243077724226
cone_4_t2,451.72988435783105,15301.666297998727,212.16140648989506,19.37318629497564,125.7785801888538,654.2306589730515,16535.869953123973,298.7367978783416,22.686595104106907,66.59334379721443
cone_4_t3,500.0041726687802,17557.339033654374,272.883088639465,24.8947157783116,97.7615387219575,501.75672366161405,16964.43522214862,290.0208857913083,21.528007844600282,97.46554874605172
cone_4_t4,499.8089966400865,16153.923347805086,229.56782452064337,0.0,36.53439650271538,626.1571376018261,17105.466501358518,287.1811281873644,7.736434923676875,59.27309918401917
cone_4_t5,632.2543255345745,16928.04390627767,311.29148606702637,20.34556243674798,35.82217906118968,607.8241140114274,15204.450073677423,324.00893385702904,19.056302269296545,146.01277644211962
cone_5_t1,512.0679652776618,20003.531202793867,333.4906731436766,11.522097039726273,82.40481598375723,648.4138383244783,18680.695687307478,321.19237202966906,6.909562343927627,167.33929997425554
cone_5_t2,619.0504498233323,21542.24649329012,420.86930053990403,18.559864120808644,46.8187604854556,705.1071857497959,20139.945377403754,309.7254462460195,43.12545653093991,109.48156096512098
cone_5_t3,569.0600776866668,20424.042805401587,284.7181630755459,14.849057888634169,98.77862763174241,593.2143950633285,19582.68045991027,331.049271683681,17.682296393556747,119.7515265245998
cone_5_t4,462.684596331731,18020.702814077973,252.360269018024,2.6592236329425174,51.71494220707748,591.5702668481799,19169.206295676355,272.7163072636612,4.890935206866514,71.1408371142331
cone_5_t5,472.61885736955367,20284.535086955635,328.6200568840792,4.195616290284358,157.15261827967853,563.3835903995592,18780.15487457122,331.8073397929371,34.149923034162185,77.78298764396023
bottle_fuse_t1,584.7013265038022,8967.194945396779,230.43529581051655,25.381634817952573,46.44289078976788,594.4501461841205,7908.781183019065,145.33736957148403,14.539117190507692,77.03310979659203
bottle_fuse_t2,412.9552998236584,8963.359933678283,274.2381423203227,15.682092395284581,18.444171468641663,618.163052511369,8047.383917192202,201.76049658054217,12.345592040904966,18.321419334626185
bottle_fuse_t3,526.9611591871238,8541.863226532294,242.59319382140177,40.27838581063205,27.92729161249207,506.65078959536316,8068.201247297866,229.63058576694723,11.57220920373557,74.41918744717351
bottle_fuse_t4,493.2827725709712,8038.3241636052635,174.18572788453127,23.788250746282266,46.358116746233144,630.8609485638392,8207.67532759817,246.8769704563367,6.457369591860395,35.23869395666358
bottle_fuse_t5,539.9852025496273,9704.524477948917,217.57858350450124,32.70885500777522,74.20825279331271,652.4409091285128,9706.929701387658,248.88936119078977,42.45559701035498,51.42771052321174
bottle_google_t1,463.3009346697861,7416.306679368844,194.0985084433404,4.413709217603744,31.691308080365083,535.891609093839,7477.715600263522,262.084015689416,10.992690460633884,18.2510923908176
bottle_google_t2,472.6669180414279,7177.700176267389,136.1671771333616,18.093495369329837,35.48653861316242,571.6807933049444,8038.6417765534625,225.56053816046105,12.11198477644067,10.902277307352726
bottle_google_t3,475.4631286978177,7486.809991322573,251.84869674873462,10.726480318271033,29.769791026515264,545.9779031165403,7772.485903946501,169.72486556138355,20.116312625678038,39.718483639595625
bottle_google_t4,449.5365772210893,6181.317033592673,171.22256916532527,4.962895383115612,28.532621504000893,480.640945191824,6836.293432459122,149.81877452942317,25.596415564544703,8.239070698748698
bottle_google_t5,564.8653633221577,8035.450836622332,240.97773946294657,5.903540019167286,84.1374591128644,592.0079921757628,8440.209620293934,267.5205410950425,8.684743339419143,19.160458065255163
bottle_green_t1,513.2194197226402,9301.05767190393,179.6442414336581,36.767972637004206,24.834702101490635,470.2445044192329,8686.211233192069,140.82460614715848,39.458942257235975,21.707993678541037
bottle_green_t2,370.7459355250107,7536.106072393169,175.07967457219723,23.36526912240952,23.603670036223505,525.7030865027782,7935.932758486703,207.65099413752594,18.586348303284126,47.3787382414092
bottle_green_t3,429.1173262103311,9485.842157357356,165.49064353486767,11.566881441053184,49.352250250479486,662.6218181070008,9735.933461086794,261.3638290618013,20.41270239668293,35.068882100019366
bottle_green_t4,556.6955016200833,9718.10620733188,210.05060500148795,15.68621407241264,71.46257762883911,644.4013871589138,11147.620416919095,269.21296735102396,14.753852458923097,10.14632520583346
bottle_green_t5,493.62259981081036,9425.7079046002,149.96371526381478,16.750523674049294,37.199202375491495,540.1960280856503,9621.651562836887,204.7469369246667,17.752374526471588,16.250897114176098
bottle_red_t1,661.0917088309762,12328.421239948824,224.6631448626829,15.260753261933242,69.10978122302862,575.2108288456523,11260.798138103934,162.99340171007512,51.12344499830118,32.77902310733088
bottle_red_t2,655.5427789553803,12670.029645237893,191.18694154989993,11.728149700960639,24.54664363621057,704.1239768272771,11923.493568953396,206.704483924086,20.4631788151637,17.312033725854416
bottle_red_t3,555.8834773286289,11296.295442895595,190.9690408709721,25.02472486085336,32.763783933321804,651.1726597626437,10394.301674028633,138.42606525629938,38.27057899165379,43.10891494730846
bottle_red_t4,630.2935862974558,13578.453505387317,272.1996637898394,11.950165221126166,43.978700895307924,675.6792446551036,12597.266336293917,246.71093215055436,28.48913069492106,39.86659327750184
bottle_red_t5,597.5998299526852,12612.324944579148,190.35719442207636,2.19034012199019,20.13368156957604,621.1045666246773,11163.70612912826,197.82351899952997,14.832716118692545,40.719189597659685
bottle_sobe_t1,482.10291662428307,9934.796692157493,168.4909934352802,12.984727121077007,19.044284403087254,492.1946809361958,9514.246326397433,157.80494610013932,17.200748000214872,22.73682248757734
bottle_sobe_t2,397.39580677162354,8869.00527664157,181.7636102417035,21.861718485943893,32.837311796719646,428.4640010646035,8622.217967400295,153.88194743600064,29.148748308817677,45.62701453047711
bottle_sobe_t3,431.89194492256,11428.455335899163,179.77747851374428,42.265676780105544,42.41029733949465,656.556922971056,11692.225594921527,215.050410329315,44.61385252434497,54.20722625290107
bottle_sobe_t4,455.0155364051471,8303.09146201099,228.91885025096772,16.69846774555193,61.731105750894,487.61962056172183,8223.425065040527,249.75735374782155,17.006113924129522,16.578152132109174
bottle_sobe_t5,465.92849772667677,9237.276604430645,180.25896223599125,9.606925828736516,53.71157126475167,540.6160491824694,8889.760271085826,209.52352971941377,30.453148146232248,76.00389264113944
cannedfood_chili_t1,545.9314404239625,8030.370093671212,154.28572122651386,16.277314106495986,62.6234827912279,706.2241241347605,8735.345855046446,249.83708077853655,44.74356897846642,36.77914189106267
cannedfood_chili_t2,542.5669759205679,8541.710218477141,136.44480331805312,8.559624588308624,40.53792573026547,554.2856142528542,7115.023383688757,165.34926826529994,36.73887513341131,16.421116677873908
cannedfood_chili_t3,436.9598696667931,7942.82726871689,130.6598652731088,9.143456719327038,17.727468799113858,548.144717568263,7296.2243823564995,187.86420950381705,15.303366095003847,9.034161038511565
cannedfood_chili_t4,584.514314251327,8270.25749877294,158.7381775467594,25.479475429622248,47.43675201394919,628.790111244966,7842.080850084752,217.41003948502754,7.088098695112758,68.98192223150797
cannedfood_chili_t5,466.29822045689446,7850.636524812406,139.00041128103388,33.49021443033694,46.136945049258124,520.1439184342937,7538.171111257829,178.4018989120239,4.494606763814335,24.19495565012814
cannedfood_cowboy_cookout_t1,451.308244463666,6647.266715682728,169.3718351327937,4.171615204685152,5.184636792456072,441.38038831021294,6055.880579244918,192.87558509348855,10.155746894715152,15.567775030985896
cannedfood_cowboy_cookout_t2,393.0357271152801,6807.753220358485,90.89243720767986,0.0,16.602601255337618,451.6038509740809,6641.470160957538,183.68486738410036,5.005870767144399,27.639016552929064
cannedfood_cowboy_cookout_t3,474.16641490036614,6504.374474358374,169.5794266752641,6.3687923037158765,23.804351105893673,438.47403721453406,6183.195528288957,236.27726175931252,9.745395341321347,7.237588856361471
cannedfood_cowboy_cookout_t4,442.44371965711355,7368.048584500876,133.573714325493,8.711930077699595,12.444962061882968,582.3786046675557,7405.092979449264,132.31743479396832,15.286760995304409,10.759741232362444
cannedfood_cowboy_cookout_t5,475.8448018087908,6908.687476106479,121.98741324769654,2.990053872424375,19.419611991078014,509.14314180611467,7084.79124497464,188.0394746742705,2.8005548968017036,10.913190123215768
cannedfood_soup_t1,464.97232392167336,6653.777602624312,196.1597548196755,0.0,3.395793425333172,548.3777658676449,5669.211024963896,238.02745307054502,0.0,7.975847349476611
cannedfood_soup_t2,446.9069569705948,6836.510137277638,207.06453583170824,2.789520749161045,10.041324071306006,424.14908394567266,5800.502391188158,197.99311463944875,2.5666011805498727,2.3141011117116297
cannedfood_soup_t3,383.81255750840705,5550.319826163077,107.69762784826494,0.0,25.778849131781946,548.3751048871127,6620.381163126503,171.03166911253692,6.7625481991725325,12.112988726129023
cannedfood_soup_t4,319.588201270942,5597.701424234874,142.3973298816119,2.106577875156767,19.86291929343558,457.6888900923794,5427.795151418989,180.69344741600446,11.870482455008528,2.3335527184959846
cannedfood_soup_t5,343.04087100872147,5404.002496126066,73.34568162615392,8.047677273304718,19.581417585325458,385.519897196431,5813.5370808878015,109.68237266423257,0.0,11.838607084828144
cannedfood_tomatoes_t1,388.5701753435943,6162.599885107979,135.40108205759014,6.79900313310788,17.997082982225237,490.7717440359128,5929.361447674278,197.27358247697742,9.914811479939566,35.003653010408634
cannedfood_tomatoes_t2,408.2666418794905,6325.521489948472,108.01767736182359,5.007184806245846,23.64904304461354,397.87876288036466,6334.427582354484,119.72066096118367,26.945285618512006,25.78433401130246
cannedfood_tomatoes_t3,405.2102377952841,6956.367214765543,203.2816891273907,5.521126092736258,38.002526677974416,490.42525031552236,7275.083058754541,183.61044477146245,27.756899292546706,28.566646857310037
cannedfood_tomatoes_t4,445.7285984939732,6019.45409426737,150.83261684074222,9.464138497624734,38.78619757274252,411.6657956443604,5326.542136803942,147.06995926747152,14.943498873363609,40.86227018811242
cannedfood_tomatoes_t5,468.03734480437095,6589.379523033331,170.67746598246123,6.948853731196717,45.621466244695085,501.13353464281283,7127.475402590234,176.31788272459235,4.664047185496846,8.786888287402551
cannedfood_tomato_paste_t1,318.9680323312519,5589.830456633791,116.8348199160878,3.1803880030587464,8.46772518388319,370.29678904651826,5245.063412815408,111.07050874624979,0.0,0.0
cannedfood_tomato_paste_t2,409.48328920244325,4478.386825133164,159.25306620603436,2.1672212623541696,0.0,440.7626972290398,4259.9946031349455,179.4044450914966,0.0,4.516191111276203
cannedfood_tomato_paste_t3,376.18898759887054,5592.808014226349,149.78816072737644,5.289287816400374,12.111968261605684,353.6242387647216,4802.36475825594,96.19310228461867,11.879584140804251,0.0
cannedfood_tomato_paste_t4,354.6329367952575,5521.716651299948,96.09107141056475,0.0,4.810314393444154,397.4247496416412,4807.768701978056,143.81946903021665,0.0,14.560257501266873
cannedfood_tomato_paste_t5,319.32218910866163,4996.118369824718,124.1165251807962,8.268465953817225,5.917407511303981,358.3576274475008,4868.058269177817,70.1864355298155,7.582923169142727,8.49682226758959
